0,0,0
-0.003854156,0.0258439,-0.02141953
-0.003854156,0.0258439,-0.02141953
-0.003854156,0.0258439,-0.02141953
-0.003854156,0.0258439,-0.02141953
-0.003854156,0.0258439,-0.02141953
-0.06867397,0.1486638,-0.01132202
-0.06867397,0.1486638,-0.01132202
-0.06867397,0.1486638,-0.01132202
-0.06867397,0.1486638,-0.01132202
-0.06867397,0.1486638,-0.01132202
-0.06867397,0.1486638,-0.01132202
-0.05764806,0.1747284,-0.005208969
-0.05764806,0.1747284,-0.005208969
-0.05764806,0.1747284,-0.005208969
-0.05764806,0.1747284,-0.005208969
-0.05764806,0.1747284,-0.005208969
-0.05764806,0.1747284,-0.005208969
-0.03116119,0.1011257,-0.05496407
-0.03116119,0.1011257,-0.05496407
-0.03116119,0.1011257,-0.05496407
-0.03116119,0.1011257,-0.05496407
-0.03116119,0.1011257,-0.05496407
-0.03116119,0.1011257,-0.05496407
-0.03116119,0.1011257,-0.05496407
0.008938909,-0.02031176,-0.1027355
0.008938909,-0.02031176,-0.1027355
0.008938909,-0.02031176,-0.1027355
0.008938909,-0.02031176,-0.1027355
0.008938909,-0.02031176,-0.1027355
0.0754292,-0.1214501,-0.09455681
0.0754292,-0.1214501,-0.09455681
0.0754292,-0.1214501,-0.09455681
0.0754292,-0.1214501,-0.09455681
0.0754292,-0.1214501,-0.09455681
0.0754292,-0.1214501,-0.09455681
0.0754292,-0.1214501,-0.09455681
0.3647051,-0.1105561,-0.1141911
0.3647051,-0.1105561,-0.1141911
0.3647051,-0.1105561,-0.1141911
0.3647051,-0.1105561,-0.1141911
0.3647051,-0.1105561,-0.1141911
0.3647051,-0.1105561,-0.1141911
1.001678,0.003596112,-0.2488232
1.001678,0.003596112,-0.2488232
1.001678,0.003596112,-0.2488232
1.001678,0.003596112,-0.2488232
1.001678,0.003596112,-0.2488232
1.586094,0.07883786,-0.3391991
1.586094,0.07883786,-0.3391991
1.586094,0.07883786,-0.3391991
1.586094,0.07883786,-0.3391991
1.586094,0.07883786,-0.3391991
1.586094,0.07883786,-0.3391991
2.158609,0.01734312,-0.6234818
2.158609,0.01734312,-0.6234818
2.158609,0.01734312,-0.6234818
2.158609,0.01734312,-0.6234818
2.158609,0.01734312,-0.6234818
2.158609,0.01734312,-0.6234818
2.158609,0.01734312,-0.6234818
2.776464,-0.1440634,-0.8332481
2.776464,-0.1440634,-0.8332481
2.776464,-0.1440634,-0.8332481
2.776464,-0.1440634,-0.8332481
2.776464,-0.1440634,-0.8332481
2.776464,-0.1440634,-0.8332481
3.422678,-0.1437614,-0.8221016
3.422678,-0.1437614,-0.8221016
3.422678,-0.1437614,-0.8221016
3.422678,-0.1437614,-0.8221016
3.422678,-0.1437614,-0.8221016
4.069908,0.0921611,-0.8019428
4.069908,0.0921611,-0.8019428
4.069908,0.0921611,-0.8019428
4.069908,0.0921611,-0.8019428
4.069908,0.0921611,-0.8019428
4.069908,0.0921611,-0.8019428
4.473423,0.6395919,-0.7948456
4.473423,0.6395919,-0.7948456
4.473423,0.6395919,-0.7948456
4.473423,0.6395919,-0.7948456
4.473423,0.6395919,-0.7948456
4.473423,0.6395919,-0.7948456
4.473423,0.6395919,-0.7948456
4.400035,1.509481,-0.6331997
4.400035,1.509481,-0.6331997
4.400035,1.509481,-0.6331997
4.400035,1.509481,-0.6331997
4.400035,1.509481,-0.6331997
3.243124,2.307581,-1.163744
3.243124,2.307581,-1.163744
3.243124,2.307581,-1.163744
3.243124,2.307581,-1.163744
3.243124,2.307581,-1.163744
3.243124,2.307581,-1.163744
3.243124,2.307581,-1.163744
2.149055,3.196466,-4.964039
2.149055,3.196466,-4.964039
2.149055,3.196466,-4.964039
2.149055,3.196466,-4.964039
2.149055,3.196466,-4.964039
2.149055,3.196466,-4.964039
2.149055,3.196466,-4.964039
2.149055,3.196466,-4.964039
2.149055,3.196466,-4.964039
2.149055,3.196466,-4.964039
2.149055,3.196466,-4.964039
2.149055,3.196466,-4.964039
2.149055,3.196466,-4.964039
2.149055,3.196466,-4.964039
2.149055,3.196466,-4.964039
2.149055,3.196466,-4.964039
2.149055,3.196466,-4.964039
2.149055,3.196466,-4.964039
2.149055,3.196466,-4.964039
2.149055,3.196466,-4.964039
2.149055,3.196466,-4.964039
2.149055,3.196466,-4.964039
2.149055,3.196466,-4.964039
2.149055,3.196466,-4.964039
2.149055,3.196466,-4.964039
2.149055,3.196466,-4.964039
2.149055,3.196466,-4.964039
2.149055,3.196466,-4.964039
2.149055,3.196466,-4.964039
2.149055,3.196466,-4.964039
2.149055,3.196466,-4.964039
2.149055,3.196466,-4.964039
2.149055,3.196466,-4.964039
2.149055,3.196466,-4.964039
2.149055,3.196466,-4.964039
2.149055,3.196466,-4.964039
2.149055,3.196466,-4.964039
2.149055,3.196466,-4.964039
2.149055,3.196466,-4.964039
2.149055,3.196466,-4.964039
2.149055,3.196466,-4.964039
2.149055,3.196466,-4.964039
2.149055,3.196466,-4.964039
2.149055,3.196466,-4.964039
2.149055,3.196466,-4.964039
2.149055,3.196466,-4.964039
2.149055,3.196466,-4.964039
2.149055,3.196466,-4.964039
2.149055,3.196466,-4.964039
2.149055,3.196466,-4.964039
2.149055,3.196466,-4.964039
2.149055,3.196466,-4.964039
2.149055,3.196466,-4.964039
2.149055,3.196466,-4.964039
2.149055,3.196466,-4.964039
2.149055,3.196466,-4.964039
2.149055,3.196466,-4.964039
2.149055,3.196466,-4.964039
2.149055,3.196466,-4.964039
2.149055,3.196466,-4.964039
2.149055,3.196466,-4.964039
2.149055,3.196466,-4.964039
2.149055,3.196466,-4.964039
2.149055,3.196466,-4.964039
2.149055,3.196466,-4.964039
2.149055,3.196466,-4.964039
2.149055,3.196466,-4.964039
2.149055,3.196466,-4.964039
2.149055,3.196466,-4.964039
2.149055,3.196466,-4.964039
2.149055,3.196466,-4.964039
2.149055,3.196466,-4.964039
2.149055,3.196466,-4.964039
2.149055,3.196466,-4.964039
2.149055,3.196466,-4.964039
2.149055,3.196466,-4.964039
2.149055,3.196466,-4.964039
2.149055,3.196466,-4.964039
2.149055,3.196466,-4.964039
2.149055,3.196466,-4.964039
2.149055,3.196466,-4.964039
2.149055,3.196466,-4.964039
2.149055,3.196466,-4.964039
2.149055,3.196466,-4.964039
2.149055,3.196466,-4.964039
2.149055,3.196466,-4.964039
2.149055,3.196466,-4.964039
2.149055,3.196466,-4.964039
2.149055,3.196466,-4.964039
2.149055,3.196466,-4.964039
2.149055,3.196466,-4.964039
2.149055,3.196466,-4.964039
2.149055,3.196466,-4.964039
2.149055,3.196466,-4.964039
2.149055,3.196466,-4.964039
2.149055,3.196466,-4.964039
2.149055,3.196466,-4.964039
2.149055,3.196466,-4.964039
2.149055,3.196466,-4.964039
2.149055,3.196466,-4.964039
2.149055,3.196466,-4.964039
2.149055,3.196466,-4.964039
2.149055,3.196466,-4.964039
2.149055,3.196466,-4.964039
2.149055,3.196466,-4.964039
2.149055,3.196466,-4.964039
2.149055,3.196466,-4.964039
2.149055,3.196466,-4.964039
2.149055,3.196466,-4.964039
2.149055,3.196466,-4.964039
2.149055,3.196466,-4.964039
2.149055,3.196466,-4.964039
2.149055,3.196466,-4.964039
2.149055,3.196466,-4.964039
2.149055,3.196466,-4.964039
2.149055,3.196466,-4.964039
2.149055,3.196466,-4.964039
2.149055,3.196466,-4.964039
2.149055,3.196466,-4.964039
2.149055,3.196466,-4.964039
2.149055,3.196466,-4.964039
2.149055,3.196466,-4.964039
2.149055,3.196466,-4.964039
2.149055,3.196466,-4.964039
2.149055,3.196466,-4.964039
2.149055,3.196466,-4.964039
2.149055,3.196466,-4.964039
2.149055,3.196466,-4.964039
2.149055,3.196466,-4.964039
2.149055,3.196466,-4.964039
2.149055,3.196466,-4.964039
2.149055,3.196466,-4.964039
2.149055,3.196466,-4.964039
2.149055,3.196466,-4.964039
2.149055,3.196466,-4.964039
2.149055,3.196466,-4.964039
2.149055,3.196466,-4.964039
2.149055,3.196466,-4.964039
2.149055,3.196466,-4.964039
2.149055,3.196466,-4.964039
2.149055,3.196466,-4.964039
2.149055,3.196466,-4.964039
2.149055,3.196466,-4.964039
2.149055,3.196466,-4.964039
2.149055,3.196466,-4.964039
2.149055,3.196466,-4.964039
2.149055,3.196466,-4.964039
2.149055,3.196466,-4.964039
2.149055,3.196466,-4.964039
2.149055,3.196466,-4.964039
2.149055,3.196466,-4.964039
2.149055,3.196466,-4.964039
2.149055,3.196466,-4.964039
2.149055,3.196466,-4.964039
2.149055,3.196466,-4.964039
2.149055,3.196466,-4.964039
2.149055,3.196466,-4.964039
2.149055,3.196466,-4.964039
2.149055,3.196466,-4.964039
2.149055,3.196466,-4.964039
2.149055,3.196466,-4.964039
2.149055,3.196466,-4.964039
2.149055,3.196466,-4.964039
2.149055,3.196466,-4.964039
2.149055,3.196466,-4.964039
2.149055,3.196466,-4.964039
2.149055,3.196466,-4.964039
2.149055,3.196466,-4.964039
2.149055,3.196466,-4.964039
2.149055,3.196466,-4.964039
2.149055,3.196466,-4.964039
2.149055,3.196466,-4.964039
2.149055,3.196466,-4.964039
2.149055,3.196466,-4.964039
2.149055,3.196466,-4.964039
2.149055,3.196466,-4.964039
2.149055,3.196466,-4.964039
2.149055,3.196466,-4.964039
2.149055,3.196466,-4.964039
2.149055,3.196466,-4.964039
-2.049735,0.7286798,-0.3104248
-2.049735,0.7286798,-0.3104248
-2.049735,0.7286798,-0.3104248
-2.049735,0.7286798,-0.3104248
-2.049735,0.7286798,-0.3104248
-1.802784,0.7517846,-0.369318
-1.802784,0.7517846,-0.369318
-1.802784,0.7517846,-0.369318
-1.802784,0.7517846,-0.369318
-1.802784,0.7517846,-0.369318
-1.802784,0.7517846,-0.369318
-1.802784,0.7517846,-0.369318
-1.674999,0.8143893,-0.3394699
-1.674999,0.8143893,-0.3394699
-1.674999,0.8143893,-0.3394699
-1.674999,0.8143893,-0.3394699
-1.674999,0.8143893,-0.3394699
-1.674999,0.8143893,-0.3394699
-1.579536,0.8903406,-0.3577213
-1.579536,0.8903406,-0.3577213
-1.579536,0.8903406,-0.3577213
-1.579536,0.8903406,-0.3577213
-1.579536,0.8903406,-0.3577213
-1.474114,0.8919796,-0.394949
-1.474114,0.8919796,-0.394949
-1.474114,0.8919796,-0.394949
-1.474114,0.8919796,-0.394949
-1.474114,0.8919796,-0.394949
-1.474114,0.8919796,-0.394949
-1.214651,0.7589057,-0.4834614
-1.214651,0.7589057,-0.4834614
-1.214651,0.7589057,-0.4834614
-1.214651,0.7589057,-0.4834614
-1.214651,0.7589057,-0.4834614
-1.214651,0.7589057,-0.4834614
-1.214651,0.7589057,-0.4834614
-0.9436557,0.7270482,-0.554636
-0.9436557,0.7270482,-0.554636
-0.9436557,0.7270482,-0.554636
-0.9436557,0.7270482,-0.554636
-0.9436557,0.7270482,-0.554636
-0.7669003,0.6499987,-0.5821609
-0.7669003,0.6499987,-0.5821609
-0.7669003,0.6499987,-0.5821609
-0.7669003,0.6499987,-0.5821609
-0.7669003,0.6499987,-0.5821609
-0.7669003,0.6499987,-0.5821609
-0.7669003,0.6499987,-0.5821609
-0.8516175,-0.04139887,-0.8751068
-0.8516175,-0.04139887,-0.8751068
-0.8516175,-0.04139887,-0.8751068
-0.8516175,-0.04139887,-0.8751068
-0.8516175,-0.04139887,-0.8751068
-1.517443,-0.1324123,-0.8050098
-1.517443,-0.1324123,-0.8050098
-1.517443,-0.1324123,-0.8050098
-1.517443,-0.1324123,-0.8050098
-1.517443,-0.1324123,-0.8050098
-1.517443,-0.1324123,-0.8050098
-2.037462,0.2134842,-0.722826
-2.037462,0.2134842,-0.722826
-2.037462,0.2134842,-0.722826
-2.037462,0.2134842,-0.722826
-2.037462,0.2134842,-0.722826
-2.037462,0.2134842,-0.722826
-2.783011,1.399481,-0.6568661
-2.783011,1.399481,-0.6568661
-2.783011,1.399481,-0.6568661
-2.783011,1.399481,-0.6568661
-2.783011,1.399481,-0.6568661
-2.783011,1.399481,-0.6568661
-2.783011,1.399481,-0.6568661
-3.243494,2.41424,-0.6682568
-3.243494,2.41424,-0.6682568
-3.243494,2.41424,-0.6682568
-3.243494,2.41424,-0.6682568
-3.243494,2.41424,-0.6682568
-3.422151,2.676754,-0.6658287
-3.422151,2.676754,-0.6658287
-3.422151,2.676754,-0.6658287
-3.422151,2.676754,-0.6658287
-3.422151,2.676754,-0.6658287
-3.422151,2.676754,-0.6658287
-3.422151,2.676754,-0.6658287
-3.348144,2.270675,-0.9567089
-3.348144,2.270675,-0.9567089
-3.348144,2.270675,-0.9567089
-3.348144,2.270675,-0.9567089
-3.348144,2.270675,-0.9567089
-3.368999,1.059963,-1.596668
-3.368999,1.059963,-1.596668
-3.368999,1.059963,-1.596668
-3.368999,1.059963,-1.596668
-3.368999,1.059963,-1.596668
-3.368999,1.059963,-1.596668
-3.368999,1.059963,-1.596668
-3.357535,0.003446773,-1.480705
-3.357535,0.003446773,-1.480705
-3.357535,0.003446773,-1.480705
-3.357535,0.003446773,-1.480705
-3.357535,0.003446773,-1.480705
-3.357535,0.003446773,-1.480705
-3.139964,-0.6045116,-1.571072
-3.139964,-0.6045116,-1.571072
-3.139964,-0.6045116,-1.571072
-3.139964,-0.6045116,-1.571072
-3.139964,-0.6045116,-1.571072
-3.048516,-1.190834,-1.632797
-3.048516,-1.190834,-1.632797
-3.048516,-1.190834,-1.632797
-3.048516,-1.190834,-1.632797
-3.048516,-1.190834,-1.632797
-3.048516,-1.190834,-1.632797
-3.469099,-1.353858,-1.612434
-3.469099,-1.353858,-1.612434
-3.469099,-1.353858,-1.612434
-3.469099,-1.353858,-1.612434
-3.469099,-1.353858,-1.612434
-3.469099,-1.353858,-1.612434
-3.469099,-1.353858,-1.612434
-4.513667,-1.44329,-1.884041
-4.513667,-1.44329,-1.884041
-4.513667,-1.44329,-1.884041
-4.513667,-1.44329,-1.884041
-4.513667,-1.44329,-1.884041
-5.169914,-1.415578,-1.893496
-5.169914,-1.415578,-1.893496
-5.169914,-1.415578,-1.893496
-5.169914,-1.415578,-1.893496
-5.169914,-1.415578,-1.893496
-5.169914,-1.415578,-1.893496
-5.169914,-1.415578,-1.893496
-5.968577,-1.296855,-1.76972
-5.968577,-1.296855,-1.76972
-5.968577,-1.296855,-1.76972
-5.968577,-1.296855,-1.76972
-5.968577,-1.296855,-1.76972
-6.315511,-1.225579,-1.738991
-6.315511,-1.225579,-1.738991
-6.315511,-1.225579,-1.738991
-6.315511,-1.225579,-1.738991
-6.315511,-1.225579,-1.738991
-6.315511,-1.225579,-1.738991
-6.315511,-1.225579,-1.738991
-6.534854,-0.9255471,-1.689068
-6.534854,-0.9255471,-1.689068
-6.534854,-0.9255471,-1.689068
-6.534854,-0.9255471,-1.689068
-6.534854,-0.9255471,-1.689068
-6.464253,-0.4398767,-1.717918
-6.464253,-0.4398767,-1.717918
-6.464253,-0.4398767,-1.717918
-6.464253,-0.4398767,-1.717918
-6.464253,-0.4398767,-1.717918
-6.464253,-0.4398767,-1.717918
-6.464253,-0.4398767,-1.717918
-6.322574,0.3285639,-1.593626
-6.322574,0.3285639,-1.593626
-6.322574,0.3285639,-1.593626
-6.322574,0.3285639,-1.593626
-6.322574,0.3285639,-1.593626
-5.913167,1.115372,-1.499697
-5.913167,1.115372,-1.499697
-5.913167,1.115372,-1.499697
-5.913167,1.115372,-1.499697
-5.913167,1.115372,-1.499697
-5.913167,1.115372,-1.499697
-5.913167,1.115372,-1.499697
-5.203995,1.68098,-1.556076
-5.203995,1.68098,-1.556076
-5.203995,1.68098,-1.556076
-5.203995,1.68098,-1.556076
-5.203995,1.68098,-1.556076
-5.203995,1.68098,-1.556076
-4.664828,1.87309,-1.438019
-4.664828,1.87309,-1.438019
-4.664828,1.87309,-1.438019
-4.664828,1.87309,-1.438019
-4.664828,1.87309,-1.438019
-4.664828,1.87309,-1.438019
-3.738333,1.635673,-2.015829
-3.738333,1.635673,-2.015829
-3.738333,1.635673,-2.015829
-3.738333,1.635673,-2.015829
-3.738333,1.635673,-2.015829
-2.993393,1.034627,-2.072842
-2.993393,1.034627,-2.072842
-2.993393,1.034627,-2.072842
-2.993393,1.034627,-2.072842
-2.993393,1.034627,-2.072842
-2.993393,1.034627,-2.072842
-2.993393,1.034627,-2.072842
-2.609983,0.4461137,-2.217072
-2.609983,0.4461137,-2.217072
-2.609983,0.4461137,-2.217072
-2.609983,0.4461137,-2.217072
-2.609983,0.4461137,-2.217072
-2.609983,0.4461137,-2.217072
-2.167605,-0.1578662,-2.350021
-2.167605,-0.1578662,-2.350021
-2.167605,-0.1578662,-2.350021
-2.167605,-0.1578662,-2.350021
-2.167605,-0.1578662,-2.350021
-1.612645,-0.4685789,-2.148478
-1.612645,-0.4685789,-2.148478
-1.612645,-0.4685789,-2.148478
-1.612645,-0.4685789,-2.148478
-1.612645,-0.4685789,-2.148478
-1.612645,-0.4685789,-2.148478
-1.453094,-0.5894738,-2.188038
-1.453094,-0.5894738,-2.188038
-1.453094,-0.5894738,-2.188038
-1.453094,-0.5894738,-2.188038
-1.453094,-0.5894738,-2.188038
-1.453094,-0.5894738,-2.188038
-1.453094,-0.5894738,-2.188038
-1.877341,-0.8266625,-2.283077
-1.877341,-0.8266625,-2.283077
-1.877341,-0.8266625,-2.283077
-1.877341,-0.8266625,-2.283077
-1.877341,-0.8266625,-2.283077
-2.880973,-1.237474,-2.388008
-2.880973,-1.237474,-2.388008
-2.880973,-1.237474,-2.388008
-2.880973,-1.237474,-2.388008
-2.880973,-1.237474,-2.388008
-2.880973,-1.237474,-2.388008
-2.880973,-1.237474,-2.388008
-4.306884,-1.91353,-2.624794
-4.306884,-1.91353,-2.624794
-4.306884,-1.91353,-2.624794
-4.306884,-1.91353,-2.624794
-4.306884,-1.91353,-2.624794
-5.020396,-2.242223,-2.82019
-5.020396,-2.242223,-2.82019
-5.020396,-2.242223,-2.82019
-5.020396,-2.242223,-2.82019
-5.020396,-2.242223,-2.82019
-5.020396,-2.242223,-2.82019
-5.020396,-2.242223,-2.82019
-5.184307,-2.303922,-2.862579
-5.184307,-2.303922,-2.862579
-5.184307,-2.303922,-2.862579
-5.184307,-2.303922,-2.862579
-5.184307,-2.303922,-2.862579
-5.184307,-2.303922,-2.862579
-4.825533,-2.182433,-2.992029
-4.825533,-2.182433,-2.992029
-4.825533,-2.182433,-2.992029
-4.825533,-2.182433,-2.992029
-4.825533,-2.182433,-2.992029
-4.825533,-2.182433,-2.992029
-4.027479,-2.177386,-3.394199
-4.027479,-2.177386,-3.394199
-4.027479,-2.177386,-3.394199
-4.027479,-2.177386,-3.394199
-4.027479,-2.177386,-3.394199
-4.027479,-2.177386,-3.394199
-3.368017,-2.448975,-3.508549
-3.368017,-2.448975,-3.508549
-3.368017,-2.448975,-3.508549
-3.368017,-2.448975,-3.508549
-3.368017,-2.448975,-3.508549
-3.368017,-2.448975,-3.508549
-2.623251,-2.611532,-3.622547
-2.623251,-2.611532,-3.622547
-2.623251,-2.611532,-3.622547
-2.623251,-2.611532,-3.622547
-2.623251,-2.611532,-3.622547
-2.623251,-2.611532,-3.622547
-1.822339,-2.668323,-3.612
-1.822339,-2.668323,-3.612
-1.822339,-2.668323,-3.612
-1.822339,-2.668323,-3.612
-1.822339,-2.668323,-3.612
-1.822339,-2.668323,-3.612
-1.203762,-2.790104,-3.496374
-1.203762,-2.790104,-3.496374
-1.203762,-2.790104,-3.496374
-1.203762,-2.790104,-3.496374
-1.203762,-2.790104,-3.496374
-1.203762,-2.790104,-3.496374
-0.8394386,-2.585592,-3.508032
-0.8394386,-2.585592,-3.508032
-0.8394386,-2.585592,-3.508032
-0.8394386,-2.585592,-3.508032
-0.8394386,-2.585592,-3.508032
-0.8394386,-2.585592,-3.508032
-0.5667377,-2.10254,-3.409594
-0.5667377,-2.10254,-3.409594
-0.5667377,-2.10254,-3.409594
-0.5667377,-2.10254,-3.409594
-0.5667377,-2.10254,-3.409594
-0.5667377,-2.10254,-3.409594
-0.3609655,-1.452106,-3.288271
-0.3609655,-1.452106,-3.288271
-0.3609655,-1.452106,-3.288271
-0.3609655,-1.452106,-3.288271
-0.3609655,-1.452106,-3.288271
-0.3609655,-1.452106,-3.288271
-0.2197527,-0.8541302,-3.246283
-0.2197527,-0.8541302,-3.246283
-0.2197527,-0.8541302,-3.246283
-0.2197527,-0.8541302,-3.246283
-0.2197527,-0.8541302,-3.246283
-0.2197527,-0.8541302,-3.246283
-0.268667,-0.4559007,-3.188343
-0.268667,-0.4559007,-3.188343
-0.268667,-0.4559007,-3.188343
-0.268667,-0.4559007,-3.188343
-0.268667,-0.4559007,-3.188343
-0.268667,-0.4559007,-3.188343
-0.9069517,-0.04960422,-3.414883
-0.9069517,-0.04960422,-3.414883
-0.9069517,-0.04960422,-3.414883
-0.9069517,-0.04960422,-3.414883
-0.9069517,-0.04960422,-3.414883
-0.9069517,-0.04960422,-3.414883
-1.6281,0.04594474,-3.738832
-1.6281,0.04594474,-3.738832
-1.6281,0.04594474,-3.738832
-1.6281,0.04594474,-3.738832
-1.6281,0.04594474,-3.738832
-2.001539,-0.1898242,-3.879812
-2.001539,-0.1898242,-3.879812
-2.001539,-0.1898242,-3.879812
-2.001539,-0.1898242,-3.879812
-2.001539,-0.1898242,-3.879812
-2.001539,-0.1898242,-3.879812
-2.001539,-0.1898242,-3.879812
-2.104672,-0.2115332,-4.241293
-2.104672,-0.2115332,-4.241293
-2.104672,-0.2115332,-4.241293
-2.104672,-0.2115332,-4.241293
-2.104672,-0.2115332,-4.241293
-2.104672,-0.2115332,-4.241293
-2.001703,-0.3481691,-4.636308
-2.001703,-0.3481691,-4.636308
-2.001703,-0.3481691,-4.636308
-2.001703,-0.3481691,-4.636308
-2.001703,-0.3481691,-4.636308
-2.001703,-0.3481691,-4.636308
-1.788228,-0.5672203,-5.177492
-1.788228,-0.5672203,-5.177492
-1.788228,-0.5672203,-5.177492
-1.788228,-0.5672203,-5.177492
-1.788228,-0.5672203,-5.177492
-1.788228,-0.5672203,-5.177492
-1.354883,-0.9451601,-5.637476
-1.354883,-0.9451601,-5.637476
-1.354883,-0.9451601,-5.637476
-1.354883,-0.9451601,-5.637476
-1.354883,-0.9451601,-5.637476
-1.354883,-0.9451601,-5.637476
-1.170432,-1.080736,-5.831389
-1.170432,-1.080736,-5.831389
-1.170432,-1.080736,-5.831389
-1.170432,-1.080736,-5.831389
-1.170432,-1.080736,-5.831389
-1.170432,-1.080736,-5.831389
-1.106901,-1.135755,-6.2281
-1.106901,-1.135755,-6.2281
-1.106901,-1.135755,-6.2281
-1.106901,-1.135755,-6.2281
-1.106901,-1.135755,-6.2281
-1.106901,-1.135755,-6.2281
-0.9691962,-1.115814,-6.635397
-0.9691962,-1.115814,-6.635397
-0.9691962,-1.115814,-6.635397
-0.9691962,-1.115814,-6.635397
-0.9691962,-1.115814,-6.635397
-0.9691962,-1.115814,-6.635397
-0.740358,-0.9639415,-7.161768
-0.740358,-0.9639415,-7.161768
-0.740358,-0.9639415,-7.161768
-0.740358,-0.9639415,-7.161768
-0.740358,-0.9639415,-7.161768
-0.740358,-0.9639415,-7.161768
-0.5687476,-0.8636943,-7.452371
-0.5687476,-0.8636943,-7.452371
-0.5687476,-0.8636943,-7.452371
-0.5687476,-0.8636943,-7.452371
-0.5687476,-0.8636943,-7.452371
-0.4384888,-0.7895868,-7.674479
-0.4384888,-0.7895868,-7.674479
-0.4384888,-0.7895868,-7.674479
-0.4384888,-0.7895868,-7.674479
-0.4384888,-0.7895868,-7.674479
-0.4535096,-0.7300534,-7.743785
-0.4535096,-0.7300534,-7.743785
-0.4535096,-0.7300534,-7.743785
-0.4535096,-0.7300534,-7.743785
-0.5220542,-0.7450781,-7.661413
-0.5220542,-0.7450781,-7.661413
-0.5220542,-0.7450781,-7.661413
-0.5220542,-0.7450781,-7.661413
-0.5220542,-0.7450781,-7.661413
-0.5220542,-0.7450781,-7.661413
-0.5757731,-1.012894,-7.226691
-0.5757731,-1.012894,-7.226691
-0.5757731,-1.012894,-7.226691
-0.5757731,-1.012894,-7.226691
-0.5757731,-1.012894,-7.226691
-0.7366222,-1.430049,-6.721194
-0.7366222,-1.430049,-6.721194
-0.7366222,-1.430049,-6.721194
-0.7366222,-1.430049,-6.721194
-0.7366222,-1.430049,-6.721194
-1.005872,-1.643966,-6.245739
-1.005872,-1.643966,-6.245739
-1.005872,-1.643966,-6.245739
-1.005872,-1.643966,-6.245739
-1.366135,-1.732268,-5.745462
-1.366135,-1.732268,-5.745462
-1.366135,-1.732268,-5.745462
-1.366135,-1.732268,-5.745462
-1.366135,-1.732268,-5.745462
-1.366135,-1.732268,-5.745462
-1.725724,-1.902833,-5.254965
-1.725724,-1.902833,-5.254965
-1.725724,-1.902833,-5.254965
-1.725724,-1.902833,-5.254965
-1.725724,-1.902833,-5.254965
-1.781412,-2.037408,-4.744508
-1.781412,-2.037408,-4.744508
-1.781412,-2.037408,-4.744508
-1.781412,-2.037408,-4.744508
-1.781412,-2.037408,-4.744508
-1.806723,-2.105126,-4.217743
-1.806723,-2.105126,-4.217743
-1.806723,-2.105126,-4.217743
-1.806723,-2.105126,-4.217743
-1.806723,-2.105126,-4.217743
-1.835526,-2.079082,-3.657221
-1.835526,-2.079082,-3.657221
-1.835526,-2.079082,-3.657221
-1.835526,-2.079082,-3.657221
-1.835526,-2.079082,-3.657221
-1.869424,-1.999827,-3.088509
-1.869424,-1.999827,-3.088509
-1.869424,-1.999827,-3.088509
-1.869424,-1.999827,-3.088509
-1.869424,-1.999827,-3.088509
-2.006813,-1.940586,-2.609747
-2.006813,-1.940586,-2.609747
-2.006813,-1.940586,-2.609747
-2.006813,-1.940586,-2.609747
-2.006813,-1.940586,-2.609747
-2.148375,-1.921436,-2.176365
-2.148375,-1.921436,-2.176365
-2.148375,-1.921436,-2.176365
-2.148375,-1.921436,-2.176365
-2.148375,-1.921436,-2.176365
-2.225961,-1.817411,-1.709341
-2.225961,-1.817411,-1.709341
-2.225961,-1.817411,-1.709341
-2.225961,-1.817411,-1.709341
-2.225961,-1.817411,-1.709341
-2.223362,-1.642636,-1.225109
-2.223362,-1.642636,-1.225109
-2.223362,-1.642636,-1.225109
-2.223362,-1.642636,-1.225109
-2.223362,-1.642636,-1.225109
-2.178421,-1.556499,-0.7814941
-2.178421,-1.556499,-0.7814941
-2.178421,-1.556499,-0.7814941
-2.178421,-1.556499,-0.7814941
-2.178421,-1.556499,-0.7814941
-2.144462,-1.468513,-0.2930737
-2.144462,-1.468513,-0.2930737
-2.144462,-1.468513,-0.2930737
-2.144462,-1.468513,-0.2930737
-2.144462,-1.468513,-0.2930737
-2.144462,-1.468513,-0.2930737
-2.116628,-1.231551,0.1840801
-2.116628,-1.231551,0.1840801
-2.116628,-1.231551,0.1840801
-2.116628,-1.231551,0.1840801
-2.116628,-1.231551,0.1840801
-2.077507,-0.8450338,0.3885288
-2.077507,-0.8450338,0.3885288
-2.077507,-0.8450338,0.3885288
-2.077507,-0.8450338,0.3885288
-2.077507,-0.8450338,0.3885288
-2.077507,-0.8450338,0.3885288
-2.077507,-0.8450338,0.3885288
-1.932105,-0.2199572,0.6020489
-1.932105,-0.2199572,0.6020489
-1.932105,-0.2199572,0.6020489
-1.932105,-0.2199572,0.6020489
-1.932105,-0.2199572,0.6020489
-1.932105,-0.2199572,0.6020489
-1.620627,0.4649765,0.6233501
-1.620627,0.4649765,0.6233501
-1.620627,0.4649765,0.6233501
-1.620627,0.4649765,0.6233501
-1.620627,0.4649765,0.6233501
-1.620627,0.4649765,0.6233501
-1.344454,1.1667,0.5613689
-1.344454,1.1667,0.5613689
-1.344454,1.1667,0.5613689
-1.344454,1.1667,0.5613689
-1.344454,1.1667,0.5613689
-1.344454,1.1667,0.5613689
-1.37905,1.983455,0.4211769
-1.37905,1.983455,0.4211769
-1.37905,1.983455,0.4211769
-1.37905,1.983455,0.4211769
-1.37905,1.983455,0.4211769
-1.37905,1.983455,0.4211769
-1.94033,2.830755,-0.01403046
-1.94033,2.830755,-0.01403046
-1.94033,2.830755,-0.01403046
-1.94033,2.830755,-0.01403046
-1.94033,2.830755,-0.01403046
-1.94033,2.830755,-0.01403046
-2.802383,3.536026,-0.2892208
-2.802383,3.536026,-0.2892208
-2.802383,3.536026,-0.2892208
-2.802383,3.536026,-0.2892208
-2.802383,3.536026,-0.2892208
-2.802383,3.536026,-0.2892208
-3.782024,3.888674,-0.5520515
-3.782024,3.888674,-0.5520515
-3.782024,3.888674,-0.5520515
-3.782024,3.888674,-0.5520515
-3.782024,3.888674,-0.5520515
-3.782024,3.888674,-0.5520515
-5.062849,4.043866,-1.162985
-5.062849,4.043866,-1.162985
-5.062849,4.043866,-1.162985
-5.062849,4.043866,-1.162985
-5.062849,4.043866,-1.162985
-5.062849,4.043866,-1.162985
-5.89764,3.673583,-0.8607521
-5.89764,3.673583,-0.8607521
-5.89764,3.673583,-0.8607521
-5.89764,3.673583,-0.8607521
-5.89764,3.673583,-0.8607521
-5.89764,3.673583,-0.8607521
-5.957501,2.106916,-2.548725
-5.957501,2.106916,-2.548725
-5.957501,2.106916,-2.548725
-5.957501,2.106916,-2.548725
-5.957501,2.106916,-2.548725
-5.957501,2.106916,-2.548725
-5.858421,0.6156939,-4.021852
-5.858421,0.6156939,-4.021852
-5.858421,0.6156939,-4.021852
-5.858421,0.6156939,-4.021852
-5.858421,0.6156939,-4.021852
-5.858421,0.6156939,-4.021852
-6.03214,-0.7873851,-1.661598
-6.03214,-0.7873851,-1.661598
-6.03214,-0.7873851,-1.661598
-6.03214,-0.7873851,-1.661598
-6.03214,-0.7873851,-1.661598
-6.03214,-0.7873851,-1.661598
-5.754777,-1.643727,-1.658022
-5.754777,-1.643727,-1.658022
-5.754777,-1.643727,-1.658022
-5.754777,-1.643727,-1.658022
-5.754777,-1.643727,-1.658022
-5.754777,-1.643727,-1.658022
-4.945265,-2.129391,-2.613583
-4.945265,-2.129391,-2.613583
-4.945265,-2.129391,-2.613583
-4.945265,-2.129391,-2.613583
-4.945265,-2.129391,-2.613583
-4.945265,-2.129391,-2.613583
-3.567726,-2.036891,-1.381403
-3.567726,-2.036891,-1.381403
-3.567726,-2.036891,-1.381403
-3.567726,-2.036891,-1.381403
-3.567726,-2.036891,-1.381403
-3.567726,-2.036891,-1.381403
-3.567726,-2.036891,-1.381403
-3.567726,-2.036891,-1.381403
-3.567726,-2.036891,-1.381403
-3.567726,-2.036891,-1.381403
-3.567726,-2.036891,-1.381403
-3.567726,-2.036891,-1.381403
-3.567726,-2.036891,-1.381403
-3.567726,-2.036891,-1.381403
-3.567726,-2.036891,-1.381403
-3.567726,-2.036891,-1.381403
-3.567726,-2.036891,-1.381403
-3.567726,-2.036891,-1.381403
-3.567726,-2.036891,-1.381403
-3.567726,-2.036891,-1.381403
-3.567726,-2.036891,-1.381403
-3.567726,-2.036891,-1.381403
-3.567726,-2.036891,-1.381403
-3.567726,-2.036891,-1.381403
-3.567726,-2.036891,-1.381403
-3.567726,-2.036891,-1.381403
-3.567726,-2.036891,-1.381403
-3.567726,-2.036891,-1.381403
-3.567726,-2.036891,-1.381403
-3.567726,-2.036891,-1.381403
-3.567726,-2.036891,-1.381403
-3.567726,-2.036891,-1.381403
-3.567726,-2.036891,-1.381403
-3.567726,-2.036891,-1.381403
-3.567726,-2.036891,-1.381403
-3.567726,-2.036891,-1.381403
-3.567726,-2.036891,-1.381403
-3.567726,-2.036891,-1.381403
-3.567726,-2.036891,-1.381403
-3.567726,-2.036891,-1.381403
-3.567726,-2.036891,-1.381403
-3.567726,-2.036891,-1.381403
-3.567726,-2.036891,-1.381403
-3.567726,-2.036891,-1.381403
-3.567726,-2.036891,-1.381403
-3.567726,-2.036891,-1.381403
-3.567726,-2.036891,-1.381403
-3.567726,-2.036891,-1.381403
-3.567726,-2.036891,-1.381403
-3.567726,-2.036891,-1.381403
-3.567726,-2.036891,-1.381403
-3.567726,-2.036891,-1.381403
-3.567726,-2.036891,-1.381403
-3.567726,-2.036891,-1.381403
-3.567726,-2.036891,-1.381403
-3.567726,-2.036891,-1.381403
-3.567726,-2.036891,-1.381403
-3.567726,-2.036891,-1.381403
-3.567726,-2.036891,-1.381403
-3.567726,-2.036891,-1.381403
-3.567726,-2.036891,-1.381403
-3.567726,-2.036891,-1.381403
-3.567726,-2.036891,-1.381403
-3.567726,-2.036891,-1.381403
-3.567726,-2.036891,-1.381403
-3.567726,-2.036891,-1.381403
-3.567726,-2.036891,-1.381403
-3.567726,-2.036891,-1.381403
-3.567726,-2.036891,-1.381403
-3.567726,-2.036891,-1.381403
-3.567726,-2.036891,-1.381403
-3.567726,-2.036891,-1.381403
-3.567726,-2.036891,-1.381403
-3.567726,-2.036891,-1.381403
-3.567726,-2.036891,-1.381403
-3.567726,-2.036891,-1.381403
-3.567726,-2.036891,-1.381403
-3.567726,-2.036891,-1.381403
-1.926352,-1.600199,-4.074979
-1.926352,-1.600199,-4.074979
-1.926352,-1.600199,-4.074979
-1.926352,-1.600199,-4.074979
-1.926352,-1.600199,-4.074979
-1.829103,-1.686434,-4.316629
-1.829103,-1.686434,-4.316629
-1.829103,-1.686434,-4.316629
-1.829103,-1.686434,-4.316629
-1.829103,-1.686434,-4.316629
-1.829103,-1.686434,-4.316629
-1.783363,-1.70336,-4.275917
-1.783363,-1.70336,-4.275917
-1.783363,-1.70336,-4.275917
-1.783363,-1.70336,-4.275917
-1.783363,-1.70336,-4.275917
-1.783363,-1.70336,-4.275917
-1.715263,-1.440107,-4.106169
-1.715263,-1.440107,-4.106169
-1.715263,-1.440107,-4.106169
-1.715263,-1.440107,-4.106169
-1.715263,-1.440107,-4.106169
-1.586512,-1.546583,-4.320461
-1.586512,-1.546583,-4.320461
-1.586512,-1.546583,-4.320461
-1.586512,-1.546583,-4.320461
-1.586512,-1.546583,-4.320461
-1.586512,-1.546583,-4.320461
-1.568763,-1.488037,-4.362432
-1.568763,-1.488037,-4.362432
-1.568763,-1.488037,-4.362432
-1.568763,-1.488037,-4.362432
-1.568763,-1.488037,-4.362432
-1.568763,-1.488037,-4.362432
-1.484658,-1.406538,-4.402233
-1.484658,-1.406538,-4.402233
-1.484658,-1.406538,-4.402233
-1.484658,-1.406538,-4.402233
-1.484658,-1.406538,-4.402233
-1.484658,-1.406538,-4.402233
-1.287591,-1.174544,-4.428785
-1.287591,-1.174544,-4.428785
-1.287591,-1.174544,-4.428785
-1.287591,-1.174544,-4.428785
-1.287591,-1.174544,-4.428785
-1.287591,-1.174544,-4.428785
-1.092837,-0.8368101,-4.342675
-1.092837,-0.8368101,-4.342675
-1.092837,-0.8368101,-4.342675
-1.092837,-0.8368101,-4.342675
-1.092837,-0.8368101,-4.342675
-1.092837,-0.8368101,-4.342675
-0.7506266,-0.5377467,-4.48663
-0.7506266,-0.5377467,-4.48663
-0.7506266,-0.5377467,-4.48663
-0.7506266,-0.5377467,-4.48663
-0.7506266,-0.5377467,-4.48663
-0.7506266,-0.5377467,-4.48663
0.1407278,-0.9008665,-4.876856
0.1407278,-0.9008665,-4.876856
0.1407278,-0.9008665,-4.876856
0.1407278,-0.9008665,-4.876856
0.1407278,-0.9008665,-4.876856
0.1407278,-0.9008665,-4.876856
0.4466963,-1.139349,-4.824669
0.4466963,-1.139349,-4.824669
0.4466963,-1.139349,-4.824669
0.4466963,-1.139349,-4.824669
0.4466963,-1.139349,-4.824669
0.4466963,-1.139349,-4.824669
0.6489382,-1.370895,-4.920597
0.6489382,-1.370895,-4.920597
0.6489382,-1.370895,-4.920597
0.6489382,-1.370895,-4.920597
0.6489382,-1.370895,-4.920597
0.6489382,-1.370895,-4.920597
1.173255,-2.076977,-4.881885
1.173255,-2.076977,-4.881885
1.173255,-2.076977,-4.881885
1.173255,-2.076977,-4.881885
1.173255,-2.076977,-4.881885
1.173255,-2.076977,-4.881885
1.593325,-2.504791,-4.888577
1.593325,-2.504791,-4.888577
1.593325,-2.504791,-4.888577
1.593325,-2.504791,-4.888577
1.593325,-2.504791,-4.888577
1.593325,-2.504791,-4.888577
2.03724,-2.478314,-4.621559
2.03724,-2.478314,-4.621559
2.03724,-2.478314,-4.621559
2.03724,-2.478314,-4.621559
2.03724,-2.478314,-4.621559
2.03724,-2.478314,-4.621559
2.364736,-1.799831,-4.382298
2.364736,-1.799831,-4.382298
2.364736,-1.799831,-4.382298
2.364736,-1.799831,-4.382298
2.364736,-1.799831,-4.382298
2.364736,-1.799831,-4.382298
2.552795,-0.9857107,-4.230377
2.552795,-0.9857107,-4.230377
2.552795,-0.9857107,-4.230377
2.552795,-0.9857107,-4.230377
2.552795,-0.9857107,-4.230377
2.552795,-0.9857107,-4.230377
2.464836,-0.6264583,-4.266168
2.464836,-0.6264583,-4.266168
2.464836,-0.6264583,-4.266168
2.464836,-0.6264583,-4.266168
2.464836,-0.6264583,-4.266168
2.464836,-0.6264583,-4.266168
2.187915,-0.3785498,-4.186664
2.187915,-0.3785498,-4.186664
2.187915,-0.3785498,-4.186664
2.187915,-0.3785498,-4.186664
2.187915,-0.3785498,-4.186664
2.187915,-0.3785498,-4.186664
1.598874,-0.2164618,-4.252646
1.598874,-0.2164618,-4.252646
1.598874,-0.2164618,-4.252646
1.598874,-0.2164618,-4.252646
1.598874,-0.2164618,-4.252646
1.598874,-0.2164618,-4.252646
0.9224308,-0.3867469,-4.323467
0.9224308,-0.3867469,-4.323467
0.9224308,-0.3867469,-4.323467
0.9224308,-0.3867469,-4.323467
0.9224308,-0.3867469,-4.323467
0.9224308,-0.3867469,-4.323467
0.09232259,-0.6086809,-4.330672
0.09232259,-0.6086809,-4.330672
0.09232259,-0.6086809,-4.330672
0.09232259,-0.6086809,-4.330672
0.09232259,-0.6086809,-4.330672
-0.447811,-0.5011717,-4.329488
-0.447811,-0.5011717,-4.329488
-0.447811,-0.5011717,-4.329488
-0.447811,-0.5011717,-4.329488
-0.447811,-0.5011717,-4.329488
-0.447811,-0.5011717,-4.329488
-0.447811,-0.5011717,-4.329488
-0.4865631,-0.3433996,-4.253552
-0.4865631,-0.3433996,-4.253552
-0.4865631,-0.3433996,-4.253552
-0.4865631,-0.3433996,-4.253552
-0.4865631,-0.3433996,-4.253552
-0.4865631,-0.3433996,-4.253552
-0.5187323,0.4339498,-3.97258
-0.5187323,0.4339498,-3.97258
-0.5187323,0.4339498,-3.97258
-0.5187323,0.4339498,-3.97258
-0.5187323,0.4339498,-3.97258
-0.5187323,0.4339498,-3.97258
-0.5617979,0.7956424,-4.132342
-0.5617979,0.7956424,-4.132342
-0.5617979,0.7956424,-4.132342
-0.5617979,0.7956424,-4.132342
-0.5617979,0.7956424,-4.132342
-0.5617979,0.7956424,-4.132342
-0.5961818,0.6142832,-4.278183
-0.5961818,0.6142832,-4.278183
-0.5961818,0.6142832,-4.278183
-0.5961818,0.6142832,-4.278183
-0.5961818,0.6142832,-4.278183
-0.5961818,0.6142832,-4.278183
-0.8245658,-0.1891465,-4.477625
-0.8245658,-0.1891465,-4.477625
-0.8245658,-0.1891465,-4.477625
-0.8245658,-0.1891465,-4.477625
-0.8245658,-0.1891465,-4.477625
-0.986097,-0.4483148,-4.531226
-0.986097,-0.4483148,-4.531226
-0.986097,-0.4483148,-4.531226
-0.986097,-0.4483148,-4.531226
-0.986097,-0.4483148,-4.531226
-0.986097,-0.4483148,-4.531226
-0.986097,-0.4483148,-4.531226
-1.015838,-0.5364245,-4.512937
-1.015838,-0.5364245,-4.512937
-1.015838,-0.5364245,-4.512937
-1.015838,-0.5364245,-4.512937
-1.015838,-0.5364245,-4.512937
-1.015838,-0.5364245,-4.512937
-1.037246,-0.6276615,-4.529439
-1.037246,-0.6276615,-4.529439
-1.037246,-0.6276615,-4.529439
-1.037246,-0.6276615,-4.529439
-1.037246,-0.6276615,-4.529439
-1.037246,-0.6276615,-4.529439
-1.092878,-0.7554366,-4.56353
-1.092878,-0.7554366,-4.56353
-1.092878,-0.7554366,-4.56353
-1.092878,-0.7554366,-4.56353
-1.092878,-0.7554366,-4.56353
-1.092878,-0.7554366,-4.56353
-1.101938,-1.070663,-4.685426
-1.101938,-1.070663,-4.685426
-1.101938,-1.070663,-4.685426
-1.101938,-1.070663,-4.685426
-1.101938,-1.070663,-4.685426
-1.101938,-1.070663,-4.685426
-1.344802,-1.077575,-4.760458
-1.344802,-1.077575,-4.760458
-1.344802,-1.077575,-4.760458
-1.344802,-1.077575,-4.760458
-1.344802,-1.077575,-4.760458
-1.577583,-1.078267,-4.801105
-1.577583,-1.078267,-4.801105
-1.577583,-1.078267,-4.801105
-1.577583,-1.078267,-4.801105
-1.577583,-1.078267,-4.801105
-1.577583,-1.078267,-4.801105
-1.577583,-1.078267,-4.801105
-1.737614,-1.045678,-4.904817
-1.737614,-1.045678,-4.904817
-1.737614,-1.045678,-4.904817
-1.737614,-1.045678,-4.904817
-1.737614,-1.045678,-4.904817
-1.737614,-1.045678,-4.904817
-1.761153,-0.9708029,-4.874435
-1.761153,-0.9708029,-4.874435
-1.761153,-0.9708029,-4.874435
-1.761153,-0.9708029,-4.874435
-1.761153,-0.9708029,-4.874435
-1.761153,-0.9708029,-4.874435
-1.761566,-0.9470637,-4.889237
-1.761566,-0.9470637,-4.889237
-1.761566,-0.9470637,-4.889237
-1.761566,-0.9470637,-4.889237
-1.761566,-0.9470637,-4.889237
-1.761566,-0.9470637,-4.889237
-1.759755,-1.049397,-4.906191
-1.759755,-1.049397,-4.906191
-1.759755,-1.049397,-4.906191
-1.759755,-1.049397,-4.906191
-1.759755,-1.049397,-4.906191
-1.855058,-1.137207,-4.948301
-1.855058,-1.137207,-4.948301
-1.855058,-1.137207,-4.948301
-1.855058,-1.137207,-4.948301
-1.855058,-1.137207,-4.948301
-1.855058,-1.137207,-4.948301
-1.888168,-1.141293,-4.913972
-1.888168,-1.141293,-4.913972
-1.888168,-1.141293,-4.913972
-1.888168,-1.141293,-4.913972
-1.888168,-1.141293,-4.913972
-1.85856,-1.020243,-4.85451
-1.85856,-1.020243,-4.85451
-1.85856,-1.020243,-4.85451
-1.85856,-1.020243,-4.85451
-1.85856,-1.020243,-4.85451
-1.77276,-0.9279287,-4.840511
-1.77276,-0.9279287,-4.840511
-1.77276,-0.9279287,-4.840511
-1.77276,-0.9279287,-4.840511
-1.77276,-0.9279287,-4.840511
-1.77276,-0.9279287,-4.840511
-1.598349,-0.9427341,-4.865755
-1.598349,-0.9427341,-4.865755
-1.598349,-0.9427341,-4.865755
-1.598349,-0.9427341,-4.865755
-1.598349,-0.9427341,-4.865755
-1.598349,-0.9427341,-4.865755
-1.402098,-1.015973,-4.873436
-1.402098,-1.015973,-4.873436
-1.402098,-1.015973,-4.873436
-1.402098,-1.015973,-4.873436
-1.402098,-1.015973,-4.873436
-1.303306,-1.128226,-4.878628
-1.303306,-1.128226,-4.878628
-1.303306,-1.128226,-4.878628
-1.303306,-1.128226,-4.878628
-1.303306,-1.128226,-4.878628
-1.32925,-1.154245,-4.865872
-1.32925,-1.154245,-4.865872
-1.32925,-1.154245,-4.865872
-1.32925,-1.154245,-4.865872
-1.32925,-1.154245,-4.865872
-1.32925,-1.154245,-4.865872
-1.331391,-1.134993,-4.861135
-1.331391,-1.134993,-4.861135
-1.331391,-1.134993,-4.861135
-1.331391,-1.134993,-4.861135
-1.331391,-1.134993,-4.861135
-1.331391,-1.134993,-4.861135
-1.274287,-1.120716,-4.86342
-1.274287,-1.120716,-4.86342
-1.274287,-1.120716,-4.86342
-1.274287,-1.120716,-4.86342
-1.274287,-1.120716,-4.86342
-1.253975,-0.9947885,-4.874711
-1.253975,-0.9947885,-4.874711
-1.253975,-0.9947885,-4.874711
-1.253975,-0.9947885,-4.874711
-1.253975,-0.9947885,-4.874711
-1.253975,-0.9947885,-4.874711
-1.21136,-0.9531244,-4.891026
-1.21136,-0.9531244,-4.891026
-1.21136,-0.9531244,-4.891026
-1.21136,-0.9531244,-4.891026
-1.21136,-0.9531244,-4.891026
-1.102467,-0.9313623,-4.915024
-1.102467,-0.9313623,-4.915024
-1.102467,-0.9313623,-4.915024
-1.102467,-0.9313623,-4.915024
-1.102467,-0.9313623,-4.915024
-1.009468,-0.8872857,-4.908463
-1.009468,-0.8872857,-4.908463
-1.009468,-0.8872857,-4.908463
-1.009468,-0.8872857,-4.908463
-1.009468,-0.8872857,-4.908463
-1.009468,-0.8872857,-4.908463
-0.9683078,-0.8402002,-4.886096
-0.9683078,-0.8402002,-4.886096
-0.9683078,-0.8402002,-4.886096
-0.9683078,-0.8402002,-4.886096
-0.9683078,-0.8402002,-4.886096
-0.9683078,-0.8402002,-4.886096
-0.9598851,-0.8134248,-4.918294
-0.9598851,-0.8134248,-4.918294
-0.9598851,-0.8134248,-4.918294
-0.9598851,-0.8134248,-4.918294
-0.9598851,-0.8134248,-4.918294
-0.9297552,-0.7881179,-4.932284
-0.9297552,-0.7881179,-4.932284
-0.9297552,-0.7881179,-4.932284
-0.9297552,-0.7881179,-4.932284
-0.9297552,-0.7881179,-4.932284
-0.9297552,-0.7881179,-4.932284
-0.9340014,-0.6973921,-4.927439
-0.9340014,-0.6973921,-4.927439
-0.9340014,-0.6973921,-4.927439
-0.9340014,-0.6973921,-4.927439
-0.9340014,-0.6973921,-4.927439
-0.9210448,-0.59925,-4.909714
-0.9210448,-0.59925,-4.909714
-0.9210448,-0.59925,-4.909714
-0.9210448,-0.59925,-4.909714
-0.9210448,-0.59925,-4.909714
-0.9268008,-0.569159,-4.886683
-0.9268008,-0.569159,-4.886683
-0.9268008,-0.569159,-4.886683
-0.9268008,-0.569159,-4.886683
-0.9268008,-0.569159,-4.886683
-0.9777091,-0.5356033,-4.859291
-0.9777091,-0.5356033,-4.859291
-0.9777091,-0.5356033,-4.859291
-0.9777091,-0.5356033,-4.859291
-0.9777091,-0.5356033,-4.859291
-0.9777091,-0.5356033,-4.859291
-0.9777091,-0.5356033,-4.859291
-1.007042,-0.4466905,-4.812993
-1.007042,-0.4466905,-4.812993
-1.007042,-0.4466905,-4.812993
-1.007042,-0.4466905,-4.812993
-1.007042,-0.4466905,-4.812993
-0.9767647,-0.3440204,-4.772461
-0.9767647,-0.3440204,-4.772461
-0.9767647,-0.3440204,-4.772461
-0.9767647,-0.3440204,-4.772461
-0.9767647,-0.3440204,-4.772461
-0.9767647,-0.3440204,-4.772461
-0.9256082,-0.2107049,-4.723202
-0.9256082,-0.2107049,-4.723202
-0.9256082,-0.2107049,-4.723202
-0.9256082,-0.2107049,-4.723202
-0.9256082,-0.2107049,-4.723202
-0.9065696,-0.144999,-4.723831
-0.9065696,-0.144999,-4.723831
-0.9065696,-0.144999,-4.723831
-0.9065696,-0.144999,-4.723831
-0.9065696,-0.144999,-4.723831
-0.9065696,-0.144999,-4.723831
-0.8963286,-0.1650394,-4.754111
-0.8963286,-0.1650394,-4.754111
-0.8963286,-0.1650394,-4.754111
-0.8963286,-0.1650394,-4.754111
-0.8963286,-0.1650394,-4.754111
-0.8925226,-0.1717781,-4.770021
-0.8925226,-0.1717781,-4.770021
-0.8925226,-0.1717781,-4.770021
-0.8925226,-0.1717781,-4.770021
-0.8925226,-0.1717781,-4.770021
-0.8925226,-0.1717781,-4.770021
-0.9023201,-0.07399726,-4.779641
-0.9023201,-0.07399726,-4.779641
-0.9023201,-0.07399726,-4.779641
-0.9023201,-0.07399726,-4.779641
-0.9023201,-0.07399726,-4.779641
-0.923723,0.1384419,-4.724724
-0.923723,0.1384419,-4.724724
-0.923723,0.1384419,-4.724724
-0.923723,0.1384419,-4.724724
-0.923723,0.1384419,-4.724724
-0.9293789,0.1003996,-4.741491
-0.9293789,0.1003996,-4.741491
-0.9293789,0.1003996,-4.741491
-0.9293789,0.1003996,-4.741491
-0.9293789,0.1003996,-4.741491
-0.9293789,0.1003996,-4.741491
-0.8939538,0.05726869,-4.653588
-0.8939538,0.05726869,-4.653588
-0.8939538,0.05726869,-4.653588
-0.8939538,0.05726869,-4.653588
-0.8939538,0.05726869,-4.653588
-0.8939538,0.05726869,-4.653588
-0.9357859,0.1426848,-4.64129
-0.9357859,0.1426848,-4.64129
-0.9357859,0.1426848,-4.64129
-0.9357859,0.1426848,-4.64129
-0.9357859,0.1426848,-4.64129
-0.9357859,0.1426848,-4.64129
-0.744392,-0.01526453,-4.731468
-0.744392,-0.01526453,-4.731468
-0.744392,-0.01526453,-4.731468
-0.744392,-0.01526453,-4.731468
-0.744392,-0.01526453,-4.731468
-0.8079664,0.1921759,-4.637193
-0.8079664,0.1921759,-4.637193
-0.8079664,0.1921759,-4.637193
-0.8079664,0.1921759,-4.637193
-0.8079664,0.1921759,-4.637193
-1.141925,0.6645973,-4.729868
-1.141925,0.6645973,-4.729868
-1.141925,0.6645973,-4.729868
-1.141925,0.6645973,-4.729868
-1.141925,0.6645973,-4.729868
-1.141925,0.6645973,-4.729868
-1.144425,0.6340675,-4.794606
-1.144425,0.6340675,-4.794606
-1.144425,0.6340675,-4.794606
-1.144425,0.6340675,-4.794606
-1.144425,0.6340675,-4.794606
-1.200942,0.6050208,-4.791492
-1.200942,0.6050208,-4.791492
-1.200942,0.6050208,-4.791492
-1.200942,0.6050208,-4.791492
-1.200942,0.6050208,-4.791492
-1.391981,0.8187388,-4.686284
-1.391981,0.8187388,-4.686284
-1.391981,0.8187388,-4.686284
-1.391981,0.8187388,-4.686284
-1.391981,0.8187388,-4.686284
-1.391981,0.8187388,-4.686284
-1.536218,0.9140549,-4.745468
-1.536218,0.9140549,-4.745468
-1.536218,0.9140549,-4.745468
-1.536218,0.9140549,-4.745468
-1.536218,0.9140549,-4.745468
-1.592328,0.8700809,-4.716509
-1.592328,0.8700809,-4.716509
-1.592328,0.8700809,-4.716509
-1.592328,0.8700809,-4.716509
-1.592328,0.8700809,-4.716509
-1.592328,0.8700809,-4.716509
-1.625424,0.6765189,-4.758419
-1.625424,0.6765189,-4.758419
-1.625424,0.6765189,-4.758419
-1.625424,0.6765189,-4.758419
-1.625424,0.6765189,-4.758419
-1.625424,0.6765189,-4.758419
-1.63507,0.5773461,-4.749035
-1.63507,0.5773461,-4.749035
-1.63507,0.5773461,-4.749035
-1.63507,0.5773461,-4.749035
-1.592102,0.4131866,-4.790612
-1.592102,0.4131866,-4.790612
-1.592102,0.4131866,-4.790612
-1.592102,0.4131866,-4.790612
-1.592102,0.4131866,-4.790612
-1.592102,0.4131866,-4.790612
-1.406225,0.1327115,-4.789339
-1.406225,0.1327115,-4.789339
-1.406225,0.1327115,-4.789339
-1.406225,0.1327115,-4.789339
-1.406225,0.1327115,-4.789339
-1.406225,0.1327115,-4.789339
-1.297891,-0.3931325,-4.852532
-1.297891,-0.3931325,-4.852532
-1.297891,-0.3931325,-4.852532
-1.297891,-0.3931325,-4.852532
-1.297891,-0.3931325,-4.852532
-1.297891,-0.3931325,-4.852532
-1.457131,-1.172708,-4.996206
-1.457131,-1.172708,-4.996206
-1.457131,-1.172708,-4.996206
-1.457131,-1.172708,-4.996206
-1.457131,-1.172708,-4.996206
-1.885105,-1.727599,-5.061225
-1.885105,-1.727599,-5.061225
-1.885105,-1.727599,-5.061225
-1.885105,-1.727599,-5.061225
-1.885105,-1.727599,-5.061225
-1.885105,-1.727599,-5.061225
-2.854905,-1.711287,-5.230187
-2.854905,-1.711287,-5.230187
-2.854905,-1.711287,-5.230187
-2.854905,-1.711287,-5.230187
-2.854905,-1.711287,-5.230187
-2.854905,-1.711287,-5.230187
-3.66893,-1.313029,-5.190604
-3.66893,-1.313029,-5.190604
-3.66893,-1.313029,-5.190604
-3.66893,-1.313029,-5.190604
-4.768911,0.2637393,-6.131387
-4.768911,0.2637393,-6.131387
-4.768911,0.2637393,-6.131387
-4.768911,0.2637393,-6.131387
-4.768911,0.2637393,-6.131387
-4.768911,0.2637393,-6.131387
-5.238902,0.7632401,-5.555443
-5.238902,0.7632401,-5.555443
-5.238902,0.7632401,-5.555443
-5.238902,0.7632401,-5.555443
-5.238902,0.7632401,-5.555443
-5.211225,0.492959,-5.726834
-5.211225,0.492959,-5.726834
-5.211225,0.492959,-5.726834
-5.211225,0.492959,-5.726834
-5.211225,0.492959,-5.726834
-5.211225,0.492959,-5.726834
-5.078227,-0.8085763,-6.04042
-5.078227,-0.8085763,-6.04042
-5.078227,-0.8085763,-6.04042
-5.078227,-0.8085763,-6.04042
-5.078227,-0.8085763,-6.04042
-4.995721,-1.093287,-6.048052
-4.995721,-1.093287,-6.048052
-4.995721,-1.093287,-6.048052
-4.995721,-1.093287,-6.048052
-4.995721,-1.093287,-6.048052
-4.995721,-1.093287,-6.048052
-4.337688,-1.408358,-6.199311
-4.337688,-1.408358,-6.199311
-4.337688,-1.408358,-6.199311
-4.337688,-1.408358,-6.199311
-4.337688,-1.408358,-6.199311
-4.337688,-1.408358,-6.199311
-3.468704,-1.496416,-6.30167
-3.468704,-1.496416,-6.30167
-3.468704,-1.496416,-6.30167
-3.468704,-1.496416,-6.30167
-3.468704,-1.496416,-6.30167
-2.42241,-1.320849,-6.133867
-2.42241,-1.320849,-6.133867
-2.42241,-1.320849,-6.133867
-2.42241,-1.320849,-6.133867
-2.42241,-1.320849,-6.133867
-2.42241,-1.320849,-6.133867
-2.214096,-1.071304,-6.121461
-2.214096,-1.071304,-6.121461
-2.214096,-1.071304,-6.121461
-2.214096,-1.071304,-6.121461
-2.214096,-1.071304,-6.121461
-2.535674,-1.004163,-6.383291
-2.535674,-1.004163,-6.383291
-2.535674,-1.004163,-6.383291
-2.535674,-1.004163,-6.383291
-2.535674,-1.004163,-6.383291
-2.535674,-1.004163,-6.383291
-3.135903,-1.479258,-6.709612
-3.135903,-1.479258,-6.709612
-3.135903,-1.479258,-6.709612
-3.135903,-1.479258,-6.709612
-3.135903,-1.479258,-6.709612
-3.79761,-2.151605,-6.72209
-3.79761,-2.151605,-6.72209
-3.79761,-2.151605,-6.72209
-3.79761,-2.151605,-6.72209
-4.934956,-2.026826,-5.979373
-4.934956,-2.026826,-5.979373
-4.934956,-2.026826,-5.979373
-4.934956,-2.026826,-5.979373
-4.934956,-2.026826,-5.979373
-5.348376,-1.752207,-7.1682
-5.348376,-1.752207,-7.1682
-5.348376,-1.752207,-7.1682
-5.348376,-1.752207,-7.1682
-5.440011,-1.792147,-7.397398
-5.440011,-1.792147,-7.397398
-5.440011,-1.792147,-7.397398
-5.440011,-1.792147,-7.397398
-5.440011,-1.792147,-7.397398
-5.3648,-1.755578,-7.513442
-5.3648,-1.755578,-7.513442
-5.3648,-1.755578,-7.513442
-5.3648,-1.755578,-7.513442
-5.197192,-1.358063,-7.729689
-5.197192,-1.358063,-7.729689
-5.197192,-1.358063,-7.729689
-5.197192,-1.358063,-7.729689
-5.197192,-1.358063,-7.729689
-4.952096,-1.013183,-7.892875
-4.952096,-1.013183,-7.892875
-4.952096,-1.013183,-7.892875
-4.952096,-1.013183,-7.892875
-4.952096,-1.013183,-7.892875
-4.696094,-0.5110652,-7.8738
-4.696094,-0.5110652,-7.8738
-4.696094,-0.5110652,-7.8738
-4.696094,-0.5110652,-7.8738
-4.700815,-0.09698351,-7.596328
-4.700815,-0.09698351,-7.596328
-4.700815,-0.09698351,-7.596328
-4.700815,-0.09698351,-7.596328
-4.700815,-0.09698351,-7.596328
-4.790882,-0.04275426,-7.21216
-4.790882,-0.04275426,-7.21216
-4.790882,-0.04275426,-7.21216
-4.790882,-0.04275426,-7.21216
-4.790882,-0.04275426,-7.21216
-4.921707,-0.05635276,-6.659787
-4.921707,-0.05635276,-6.659787
-4.921707,-0.05635276,-6.659787
-4.921707,-0.05635276,-6.659787
-5.084498,-0.2150201,-6.047217
-5.084498,-0.2150201,-6.047217
-5.084498,-0.2150201,-6.047217
-5.084498,-0.2150201,-6.047217
-5.264137,-0.4676946,-5.536792
-5.264137,-0.4676946,-5.536792
-5.264137,-0.4676946,-5.536792
-5.264137,-0.4676946,-5.536792
-5.264137,-0.4676946,-5.536792
-5.51603,-0.7972224,-5.075079
-5.51603,-0.7972224,-5.075079
-5.51603,-0.7972224,-5.075079
-5.51603,-0.7972224,-5.075079
-5.720795,-1.152286,-4.487193
-5.720795,-1.152286,-4.487193
-5.720795,-1.152286,-4.487193
-5.720795,-1.152286,-4.487193
-5.720795,-1.152286,-4.487193
-5.905014,-1.380786,-4.036619
-5.905014,-1.380786,-4.036619
-5.905014,-1.380786,-4.036619
-5.905014,-1.380786,-4.036619
-6.113605,-1.537706,-3.576971
-6.113605,-1.537706,-3.576971
-6.113605,-1.537706,-3.576971
-6.113605,-1.537706,-3.576971
-6.113605,-1.537706,-3.576971
-6.34851,-1.594898,-3.124985
-6.34851,-1.594898,-3.124985
-6.34851,-1.594898,-3.124985
-6.34851,-1.594898,-3.124985
-6.34851,-1.594898,-3.124985
-6.577796,-1.564979,-2.703831
-6.577796,-1.564979,-2.703831
-6.577796,-1.564979,-2.703831
-6.706245,-1.594491,-2.392035
-6.706245,-1.594491,-2.392035
-6.706245,-1.594491,-2.392035
-6.706245,-1.594491,-2.392035
-6.706245,-1.594491,-2.392035
-6.777763,-1.64002,-2.031872
-6.777763,-1.64002,-2.031872
-6.777763,-1.64002,-2.031872
-6.777763,-1.64002,-2.031872
-6.869456,-1.525479,-1.569996
-6.869456,-1.525479,-1.569996
-6.869456,-1.525479,-1.569996
-6.869456,-1.525479,-1.569996
-6.869456,-1.525479,-1.569996
-6.895925,-1.456256,-1.308731
-6.895925,-1.456256,-1.308731
-6.895925,-1.456256,-1.308731
-6.895925,-1.456256,-1.308731
-6.895925,-1.456256,-1.308731
-6.895925,-1.456256,-1.308731
-6.849061,-1.290202,-0.8953667
-6.849061,-1.290202,-0.8953667
-6.849061,-1.290202,-0.8953667
-6.849061,-1.290202,-0.8953667
-6.849061,-1.290202,-0.8953667
-6.849061,-1.290202,-0.8953667
-6.663186,-0.8715333,-0.6740894
-6.663186,-0.8715333,-0.6740894
-6.663186,-0.8715333,-0.6740894
-6.663186,-0.8715333,-0.6740894
-6.663186,-0.8715333,-0.6740894
-6.663186,-0.8715333,-0.6740894
-6.663186,-0.8715333,-0.6740894
-6.432383,-0.4742078,-0.774189
-6.432383,-0.4742078,-0.774189
-6.432383,-0.4742078,-0.774189
-6.432383,-0.4742078,-0.774189
-6.432383,-0.4742078,-0.774189
-6.205047,0.442183,-1.061909
-6.205047,0.442183,-1.061909
-6.205047,0.442183,-1.061909
-6.205047,0.442183,-1.061909
-6.205047,0.442183,-1.061909
-6.205047,0.442183,-1.061909
-6.205047,0.442183,-1.061909
-6.108092,1.156248,-1.557692
-6.108092,1.156248,-1.557692
-6.108092,1.156248,-1.557692
-6.108092,1.156248,-1.557692
-6.108092,1.156248,-1.557692
-5.94281,1.368973,-2.031122
-5.94281,1.368973,-2.031122
-5.94281,1.368973,-2.031122
-5.94281,1.368973,-2.031122
-5.94281,1.368973,-2.031122
-5.94281,1.368973,-2.031122
-5.94281,1.368973,-2.031122
-5.607374,1.045369,-2.664862
-5.607374,1.045369,-2.664862
-5.607374,1.045369,-2.664862
-5.607374,1.045369,-2.664862
-5.607374,1.045369,-2.664862
-5.445132,0.3477817,-3.021696
-5.445132,0.3477817,-3.021696
-5.445132,0.3477817,-3.021696
-5.445132,0.3477817,-3.021696
-5.445132,0.3477817,-3.021696
-5.445132,0.3477817,-3.021696
-5.445132,0.3477817,-3.021696
-5.672492,-0.6284249,-3.145512
-5.672492,-0.6284249,-3.145512
-5.672492,-0.6284249,-3.145512
-5.672492,-0.6284249,-3.145512
-5.672492,-0.6284249,-3.145512
-5.772424,-1.610112,-3.712673
-5.772424,-1.610112,-3.712673
-5.772424,-1.610112,-3.712673
-5.772424,-1.610112,-3.712673
-5.772424,-1.610112,-3.712673
-5.772424,-1.610112,-3.712673
-5.772424,-1.610112,-3.712673
-5.882657,-2.287329,-3.618437
-5.882657,-2.287329,-3.618437
-5.882657,-2.287329,-3.618437
-5.882657,-2.287329,-3.618437
-5.882657,-2.287329,-3.618437
-5.860702,-2.237307,-3.584736
-5.860702,-2.237307,-3.584736
-5.860702,-2.237307,-3.584736
-5.860702,-2.237307,-3.584736
-5.860702,-2.237307,-3.584736
-5.860702,-2.237307,-3.584736
-5.860702,-2.237307,-3.584736
-5.982947,-1.977861,-3.466293
-5.982947,-1.977861,-3.466293
-5.982947,-1.977861,-3.466293
-5.982947,-1.977861,-3.466293
-5.982947,-1.977861,-3.466293
-6.246742,-1.904102,-3.459764
-6.246742,-1.904102,-3.459764
-6.246742,-1.904102,-3.459764
-6.246742,-1.904102,-3.459764
-6.246742,-1.904102,-3.459764
-6.246742,-1.904102,-3.459764
-6.465542,-1.853468,-3.371031
-6.465542,-1.853468,-3.371031
-6.465542,-1.853468,-3.371031
-6.465542,-1.853468,-3.371031
-6.465542,-1.853468,-3.371031
-6.465542,-1.853468,-3.371031
-6.717355,-1.846917,-3.38339
-6.717355,-1.846917,-3.38339
-6.717355,-1.846917,-3.38339
-6.717355,-1.846917,-3.38339
-6.717355,-1.846917,-3.38339
-6.717355,-1.846917,-3.38339
-6.717355,-1.846917,-3.38339
-6.85974,-1.665129,-3.310051
-6.85974,-1.665129,-3.310051
-6.85974,-1.665129,-3.310051
-6.85974,-1.665129,-3.310051
-6.85974,-1.665129,-3.310051
-7.118991,-1.357686,-3.201988
-7.118991,-1.357686,-3.201988
-7.118991,-1.357686,-3.201988
-7.118991,-1.357686,-3.201988
-7.118991,-1.357686,-3.201988
-7.118991,-1.357686,-3.201988
-7.118991,-1.357686,-3.201988
-7.384061,-1.277954,-3.239872
-7.384061,-1.277954,-3.239872
-7.384061,-1.277954,-3.239872
-7.384061,-1.277954,-3.239872
-7.384061,-1.277954,-3.239872
-8.231443,-1.412785,-3.600185
-8.231443,-1.412785,-3.600185
-8.231443,-1.412785,-3.600185
-8.231443,-1.412785,-3.600185
-8.231443,-1.412785,-3.600185
-8.231443,-1.412785,-3.600185
-8.915211,-1.505837,-3.461739
-8.915211,-1.505837,-3.461739
-8.915211,-1.505837,-3.461739
-8.915211,-1.505837,-3.461739
-8.915211,-1.505837,-3.461739
-8.915211,-1.505837,-3.461739
-9.357479,-1.490205,-3.323488
-9.357479,-1.490205,-3.323488
-9.357479,-1.490205,-3.323488
-9.357479,-1.490205,-3.323488
-9.357479,-1.490205,-3.323488
-9.357479,-1.490205,-3.323488
-9.357479,-1.490205,-3.323488
-9.401757,-1.537271,-3.341267
-9.401757,-1.537271,-3.341267
-9.401757,-1.537271,-3.341267
-9.401757,-1.537271,-3.341267
-9.401757,-1.537271,-3.341267
-9.386055,-1.554338,-3.312262
-9.386055,-1.554338,-3.312262
-9.386055,-1.554338,-3.312262
-9.386055,-1.554338,-3.312262
-9.386055,-1.554338,-3.312262
-9.386055,-1.554338,-3.312262
-9.386055,-1.554338,-3.312262
-9.25289,-1.545348,-3.315245
-9.25289,-1.545348,-3.315245
-9.25289,-1.545348,-3.315245
-9.25289,-1.545348,-3.315245
-9.25289,-1.545348,-3.315245
-9.056821,-1.551357,-3.304314
-9.056821,-1.551357,-3.304314
-9.056821,-1.551357,-3.304314
-9.056821,-1.551357,-3.304314
-9.056821,-1.551357,-3.304314
-9.056821,-1.551357,-3.304314
-8.924074,-1.524666,-3.275606
-8.924074,-1.524666,-3.275606
-8.924074,-1.524666,-3.275606
-8.924074,-1.524666,-3.275606
-8.924074,-1.524666,-3.275606
-8.924074,-1.524666,-3.275606
-8.911771,-1.493603,-3.291281
-8.911771,-1.493603,-3.291281
-8.911771,-1.493603,-3.291281
-8.911771,-1.493603,-3.291281
-8.911771,-1.493603,-3.291281
-8.911771,-1.493603,-3.291281
-8.911771,-1.493603,-3.291281
-8.921644,-1.475361,-3.314844
-8.921644,-1.475361,-3.314844
-8.921644,-1.475361,-3.314844
-8.921644,-1.475361,-3.314844
-8.921644,-1.475361,-3.314844
-8.951244,-1.404155,-3.311903
-8.951244,-1.404155,-3.311903
-8.951244,-1.404155,-3.311903
-8.951244,-1.404155,-3.311903
-8.951244,-1.404155,-3.311903
-8.951244,-1.404155,-3.311903
-8.892012,-1.323688,-3.311686
-8.892012,-1.323688,-3.311686
-8.892012,-1.323688,-3.311686
-8.892012,-1.323688,-3.311686
-8.892012,-1.323688,-3.311686
-8.892012,-1.323688,-3.311686
-8.761253,-1.274899,-3.318621
-8.761253,-1.274899,-3.318621
-8.761253,-1.274899,-3.318621
-8.761253,-1.274899,-3.318621
-8.761253,-1.274899,-3.318621
-8.761253,-1.274899,-3.318621
-8.761253,-1.274899,-3.318621
-8.688828,-1.226273,-3.296154
-8.688828,-1.226273,-3.296154
-8.688828,-1.226273,-3.296154
-8.688828,-1.226273,-3.296154
-8.688828,-1.226273,-3.296154
-8.69278,-1.19449,-3.302223
-8.69278,-1.19449,-3.302223
-8.69278,-1.19449,-3.302223
-8.69278,-1.19449,-3.302223
-8.69278,-1.19449,-3.302223
