-13.65082,0.7209784,-27.69196
-13.64445,0.7380471,-27.68274
-13.64445,0.7380471,-27.68274
-13.64445,0.7380471,-27.68274
-13.63658,0.7507324,-27.68428
-13.63658,0.7507324,-27.68428
-13.63658,0.7507324,-27.68428
-13.63658,0.7507324,-27.68428
-13.63348,0.7528179,-27.68793
-13.63348,0.7528179,-27.68793
-13.63348,0.7528179,-27.68793
-13.63589,0.73686,-27.69457
-13.63589,0.73686,-27.69457
-13.63061,0.7218974,-27.69242
-13.63061,0.7218974,-27.69242
-13.63061,0.7218974,-27.69242
-13.62468,0.7138078,-27.68766
-13.62468,0.7138078,-27.68766
-13.62468,0.7138078,-27.68766
-13.61815,0.6799998,-27.70474
-13.61815,0.6799998,-27.70474
-13.61815,0.6799998,-27.70474
-13.61815,0.6799998,-27.70474
-13.60948,0.6473569,-27.70869
-13.60948,0.6473569,-27.70869
-13.6144,0.6088883,-27.721
-13.6144,0.6088883,-27.721
-13.6144,0.6088883,-27.721
-13.6144,0.6088883,-27.721
-13.60523,0.5761859,-27.71508
-13.60523,0.5761859,-27.71508
-13.59099,0.547655,-27.72585
-13.59099,0.547655,-27.72585
-13.59099,0.547655,-27.72585
-13.56821,0.5135067,-27.7298
-13.56821,0.5135067,-27.7298
-13.56821,0.5135067,-27.7298
-13.53528,0.5039673,-27.7211
-13.53528,0.5039673,-27.7211
-13.53528,0.5039673,-27.7211
-13.53528,0.5039673,-27.7211
-13.50499,0.4996207,-27.72989
-13.50499,0.4996207,-27.72989
-13.44591,0.5266718,-27.69151
-13.44591,0.5266718,-27.69151
-13.44591,0.5266718,-27.69151
-13.44591,0.5266718,-27.69151
-13.43498,0.5971747,-27.69105
-13.43498,0.5971747,-27.69105
-13.47797,0.6270849,-27.72674
-13.47797,0.6270849,-27.72674
-13.47797,0.6270849,-27.72674
-13.50427,0.61591,-27.72906
-13.50427,0.61591,-27.72906
-13.50427,0.61591,-27.72906
-13.50427,0.61591,-27.72906
-13.49602,0.6224291,-27.72647
-13.49602,0.6224291,-27.72647
-13.49602,0.6224291,-27.72647
-13.51014,0.6162791,-27.77129
-13.51014,0.6162791,-27.77129
-13.55006,0.5458965,-27.81984
-13.55006,0.5458965,-27.81984
-13.55006,0.5458965,-27.81984
-13.55006,0.5458965,-27.81984
-13.50941,0.5000391,-27.83075
-13.50941,0.5000391,-27.83075
-13.4543,0.4884084,-27.9467
-13.4543,0.4884084,-27.9467
-13.4543,0.4884084,-27.9467
-13.5246,0.4468951,-28.19452
-13.5246,0.4468951,-28.19452
-13.5246,0.4468951,-28.19452
-13.75308,0.4297717,-28.45341
-13.75308,0.4297717,-28.45341
-13.75308,0.4297717,-28.45341
-13.75308,0.4297717,-28.45341
-14.36804,0.3858048,-28.98357
-14.36804,0.3858048,-28.98357
-14.36804,0.3858048,-28.98357
-15.36903,0.4977795,-29.65984
-15.36903,0.4977795,-29.65984
-16.56391,0.5445781,-30.39159
-16.56391,0.5445781,-30.39159
-16.56391,0.5445781,-30.39159
-16.56391,0.5445781,-30.39159
-17.73684,0.4657399,-30.81351
-17.73684,0.4657399,-30.81351
-19.06549,0.3275523,-30.87471
-19.06549,0.3275523,-30.87471
-19.06549,0.3275523,-30.87471
-19.06549,0.3275523,-30.87471
-20.29609,0.1084238,-31.1854
-20.29609,0.1084238,-31.1854
-21.89341,0.03680122,-31.45404
-21.89341,0.03680122,-31.45404
-21.89341,0.03680122,-31.45404
-21.89341,0.03680122,-31.45404
-23.34542,-0.1098862,-31.35817
-23.34542,-0.1098862,-31.35817
-25.16681,-0.1052386,-31.25767
-25.16681,-0.1052386,-31.25767
-25.16681,-0.1052386,-31.25767
-25.16681,-0.1052386,-31.25767
-26.67652,0.2361585,-30.44225
-26.67652,0.2361585,-30.44225
-26.67652,0.2361585,-30.44225
-28.03979,0.4484559,-29.94627
-28.03979,0.4484559,-29.94627
-28.03979,0.4484559,-29.94627
-28.03979,0.4484559,-29.94627
-28.03979,0.4484559,-29.94627
-28.03979,0.4484559,-29.94627
-28.03979,0.4484559,-29.94627
-28.03979,0.4484559,-29.94627
-28.03979,0.4484559,-29.94627
-28.03979,0.4484559,-29.94627
-28.03979,0.4484559,-29.94627
-28.03979,0.4484559,-29.94627
-28.03979,0.4484559,-29.94627
-28.03979,0.4484559,-29.94627
-28.03979,0.4484559,-29.94627
-28.03979,0.4484559,-29.94627
-28.03979,0.4484559,-29.94627
-28.03979,0.4484559,-29.94627
-28.03979,0.4484559,-29.94627
-28.03979,0.4484559,-29.94627
-28.03979,0.4484559,-29.94627
-28.03979,0.4484559,-29.94627
-28.03979,0.4484559,-29.94627
-28.03979,0.4484559,-29.94627
-28.03979,0.4484559,-29.94627
-28.03979,0.4484559,-29.94627
-28.03979,0.4484559,-29.94627
-36.66591,1.585461,-27.93807
-36.66591,1.585461,-27.93807
-36.68516,1.582336,-27.94569
-36.68516,1.582336,-27.94569
-36.68516,1.582336,-27.94569
-36.71561,1.576427,-27.97706
-36.71561,1.576427,-27.97706
-36.71561,1.576427,-27.97706
-36.71561,1.576427,-27.97706
-36.78881,1.556021,-28.01408
-36.78881,1.556021,-28.01408
-36.78881,1.556021,-28.01408
-36.83391,1.495914,-28.06671
-36.83391,1.495914,-28.06671
-36.67487,1.421306,-28.09411
-36.67487,1.421306,-28.09411
-36.67487,1.421306,-28.09411
-35.68092,1.038904,-28.36374
-35.68092,1.038904,-28.36374
-35.68092,1.038904,-28.36374
-35.68092,1.038904,-28.36374
-34.63042,0.9333997,-28.29842
-34.63042,0.9333997,-28.29842
-34.63042,0.9333997,-28.29842
-33.67527,1.01035,-28.25366
-33.67527,1.01035,-28.25366
-33.67527,1.01035,-28.25366
-32.78271,1.092976,-28.43674
-32.78271,1.092976,-28.43674
-31.9887,1.000203,-28.43727
-31.9887,1.000203,-28.43727
-31.9887,1.000203,-28.43727
-31.9887,1.000203,-28.43727
-31.32912,0.8975348,-28.64437
-31.32912,0.8975348,-28.64437
-31.32912,0.8975348,-28.64437
-30.32317,0.8028069,-28.86647
-30.32317,0.8028069,-28.86647
-29.41485,0.7783566,-29.08534
-29.41485,0.7783566,-29.08534
-29.41485,0.7783566,-29.08534
-28.47336,0.7807765,-29.32229
-28.47336,0.7807765,-29.32229
-28.47336,0.7807765,-29.32229
-28.47336,0.7807765,-29.32229
-27.487,0.8665181,-29.65761
-27.487,0.8665181,-29.65761
-27.487,0.8665181,-29.65761
-26.37883,0.8708277,-29.90333
-26.37883,0.8708277,-29.90333
-26.37883,0.8708277,-29.90333
-25.17323,0.8829461,-30.13551
-25.17323,0.8829461,-30.13551
-23.83439,0.7976794,-30.11248
-23.83439,0.7976794,-30.11248
-23.83439,0.7976794,-30.11248
-23.83439,0.7976794,-30.11248
-22.3784,0.669192,-30.04276
-22.3784,0.669192,-30.04276
-22.3784,0.669192,-30.04276
-20.73072,0.5647288,-29.76146
-20.73072,0.5647288,-29.76146
-19.21764,0.4445235,-29.91903
-19.21764,0.4445235,-29.91903
-19.21764,0.4445235,-29.91903
-19.21764,0.4445235,-29.91903
-17.76457,0.5451414,-29.88383
-17.76457,0.5451414,-29.88383
-17.76457,0.5451414,-29.88383
-16.70999,0.5816451,-29.95739
-16.70999,0.5816451,-29.95739
-16.70999,0.5816451,-29.95739
-15.9257,0.5446764,-29.22721
-15.9257,0.5446764,-29.22721
-15.9257,0.5446764,-29.22721
-15.60429,0.5580773,-28.98598
-15.60429,0.5580773,-28.98598
-15.45897,0.5592803,-28.44289
-15.45897,0.5592803,-28.44289
-15.45897,0.5592803,-28.44289
-15.52159,0.6501787,-27.83696
-15.52159,0.6501787,-27.83696
-15.52159,0.6501787,-27.83696
-15.52159,0.6501787,-27.83696
-15.52016,0.822348,-27.64752
-15.52016,0.822348,-27.64752
-15.52016,0.822348,-27.64752
-15.54426,0.9896098,-27.60361
-15.54426,0.9896098,-27.60361
-15.54426,0.9896098,-27.60361
-15.54702,1.31308,-27.47346
-15.54702,1.31308,-27.47346
-15.51827,1.250191,-27.54252
-15.51827,1.250191,-27.54252
-15.51827,1.250191,-27.54252
-15.51827,1.250191,-27.54252
-15.43288,1.241416,-27.47312
-15.43288,1.241416,-27.47312
-15.32785,1.280646,-27.47995
-15.32785,1.280646,-27.47995
-15.32785,1.280646,-27.47995
-15.32785,1.280646,-27.47995
-15.30461,1.254454,-27.6613
-15.30461,1.254454,-27.6613
-15.51702,1.119558,-28.00706
-15.51702,1.119558,-28.00706
-15.51702,1.119558,-28.00706
-15.51702,1.119558,-28.00706
-16.13948,1.139171,-28.58095
-16.13948,1.139171,-28.58095
-17.31054,1.254291,-29.59334
-17.31054,1.254291,-29.59334
-17.31054,1.254291,-29.59334
-18.84881,1.223606,-30.29072
-18.84881,1.223606,-30.29072
-18.84881,1.223606,-30.29072
-18.84881,1.223606,-30.29072
-20.27167,1.199799,-30.04384
-20.27167,1.199799,-30.04384
-20.27167,1.199799,-30.04384
-22.02877,1.081875,-30.36609
-22.02877,1.081875,-30.36609
-23.60891,0.9396146,-30.10589
-23.60891,0.9396146,-30.10589
-23.60891,0.9396146,-30.10589
-23.60891,0.9396146,-30.10589
-25.19526,0.8149677,-29.90339
-25.19526,0.8149677,-29.90339
-25.19526,0.8149677,-29.90339
-27.18044,0.7388024,-30.3067
-27.18044,0.7388024,-30.3067
-27.18044,0.7388024,-30.3067
-28.49287,0.7699909,-30.72851
-28.49287,0.7699909,-30.72851
-28.49287,0.7699909,-30.72851
-29.5622,0.7300859,-30.21962
-29.5622,0.7300859,-30.21962
-30.49594,0.603584,-29.76832
-30.49594,0.603584,-29.76832
-30.49594,0.603584,-29.76832
-30.49594,0.603584,-29.76832
-31.15589,0.5033867,-29.17432
-31.15589,0.5033867,-29.17432
-31.15589,0.5033867,-29.17432
-31.53325,0.5833278,-28.65844
-31.53325,0.5833278,-28.65844
-31.53325,0.5833278,-28.65844
-31.69287,0.6028603,-28.29807
-31.69287,0.6028603,-28.29807
-31.69287,0.6028603,-28.29807
-31.5698,0.9980843,-28.04012
-31.5698,0.9980843,-28.04012
-31.5698,0.9980843,-28.04012
-31.57635,1.156378,-27.99822
-31.57635,1.156378,-27.99822
-31.57635,1.156378,-27.99822
-31.5378,1.087237,-28.09776
-31.5378,1.087237,-28.09776
-31.5378,1.087237,-28.09776
-31.53539,1.042702,-28.04174
-31.53539,1.042702,-28.04174
-31.54135,1.033492,-28.07662
-31.54135,1.033492,-28.07662
-31.54135,1.033492,-28.07662
-31.55086,0.9917927,-28.05252
-31.55086,0.9917927,-28.05252
-31.55086,0.9917927,-28.05252
-31.55086,0.9917927,-28.05252
-31.41891,1.00969,-28.15523
-31.41891,1.00969,-28.15523
-31.41891,1.00969,-28.15523
-30.84485,0.8811421,-28.20866
-30.84485,0.8811421,-28.20866
-30.84485,0.8811421,-28.20866
-30.17924,0.9145976,-28.57139
-30.17924,0.9145976,-28.57139
-29.19004,0.971715,-29.23362
-29.19004,0.971715,-29.23362
-29.19004,0.971715,-29.23362
-29.19004,0.971715,-29.23362
-28.01101,1.000543,-29.50884
-28.01101,1.000543,-29.50884
-28.01101,1.000543,-29.50884
-26.80111,1.150303,-30.16927
-26.80111,1.150303,-30.16927
-26.80111,1.150303,-30.16927
-25.46154,1.280757,-30.39538
-25.46154,1.280757,-30.39538
-25.46154,1.280757,-30.39538
-23.82326,1.455098,-30.7046
-23.82326,1.455098,-30.7046
-23.82326,1.455098,-30.7046
-22.10058,1.551659,-30.94146
-22.10058,1.551659,-30.94146
-22.10058,1.551659,-30.94146
-20.3531,1.638337,-31.73546
-20.3531,1.638337,-31.73546
-20.3531,1.638337,-31.73546
-18.29017,1.603472,-31.31204
-18.29017,1.603472,-31.31204
-18.29017,1.603472,-31.31204
-15.80795,1.615657,-30.38607
-15.80795,1.615657,-30.38607
-15.80795,1.615657,-30.38607
-14.62273,1.554841,-29.44479
-14.62273,1.554841,-29.44479
-14.62273,1.554841,-29.44479
-14.2561,1.506811,-28.96109
-14.2561,1.506811,-28.96109
-14.2561,1.506811,-28.96109
-14.15193,1.569622,-28.29757
-14.15193,1.569622,-28.29757
-14.15193,1.569622,-28.29757
-14.11075,1.613271,-27.71242
-14.11075,1.613271,-27.71242
-14.11075,1.613271,-27.71242
-14.01975,1.929549,-27.42423
-14.01975,1.929549,-27.42423
-14.01975,1.929549,-27.42423
-14.01649,1.883752,-27.32339
-14.01649,1.883752,-27.32339
-14.01649,1.883752,-27.32339
-14.00742,1.912356,-27.30937
-14.00742,1.912356,-27.30937
-14.00742,1.912356,-27.30937
-13.96742,1.839719,-27.28897
-13.96742,1.839719,-27.28897
-13.96742,1.839719,-27.28897
-13.89865,1.860798,-27.24501
-13.89865,1.860798,-27.24501
-13.89865,1.860798,-27.24501
-13.819,1.911647,-27.19872
-13.819,1.911647,-27.19872
-13.819,1.911647,-27.19872
-13.81993,1.971868,-27.24438
-13.81993,1.971868,-27.24438
-13.86581,1.965366,-27.26025
-13.86581,1.965366,-27.26025
-13.86581,1.965366,-27.26025
-13.86581,1.965366,-27.26025
-14.01721,1.841542,-27.4116
-14.01721,1.841542,-27.4116
-14.01721,1.841542,-27.4116
-14.09917,1.903428,-27.29987
-14.09917,1.903428,-27.29987
-14.53377,2.01911,-27.60046
-14.53377,2.01911,-27.60046
-14.53377,2.01911,-27.60046
-14.53377,2.01911,-27.60046
-15.51372,1.913213,-28.18837
-15.51372,1.913213,-28.18837
-15.51372,1.913213,-28.18837
-16.87809,2.037878,-29.08265
-16.87809,2.037878,-29.08265
-16.87809,2.037878,-29.08265
-18.32542,2.096481,-30.01818
-18.32542,2.096481,-30.01818
-20.05196,2.08468,-31.60221
-20.05196,2.08468,-31.60221
-20.05196,2.08468,-31.60221
-20.05196,2.08468,-31.60221
-21.4715,2.082288,-31.48883
-21.4715,2.082288,-31.48883
-21.4715,2.082288,-31.48883
-23.17512,2.076114,-32.03301
-23.17512,2.076114,-32.03301
-23.17512,2.076114,-32.03301
-25.10516,1.834269,-32.74113
-25.10516,1.834269,-32.74113
-25.10516,1.834269,-32.74113
-26.76357,1.753592,-33.57395
-26.76357,1.753592,-33.57395
-26.76357,1.753592,-33.57395
-28.23175,1.83967,-34.27596
-28.23175,1.83967,-34.27596
-28.23175,1.83967,-34.27596
-28.23175,1.83967,-34.27596
-28.23175,1.83967,-34.27596
-28.23175,1.83967,-34.27596
-28.23175,1.83967,-34.27596
-28.23175,1.83967,-34.27596
-28.23175,1.83967,-34.27596
-28.23175,1.83967,-34.27596
-28.23175,1.83967,-34.27596
-28.23175,1.83967,-34.27596
-28.23175,1.83967,-34.27596
-28.23175,1.83967,-34.27596
-28.23175,1.83967,-34.27596
-28.23175,1.83967,-34.27596
-28.23175,1.83967,-34.27596
-28.23175,1.83967,-34.27596
-28.23175,1.83967,-34.27596
-28.23175,1.83967,-34.27596
-28.23175,1.83967,-34.27596
-28.23175,1.83967,-34.27596
-28.23175,1.83967,-34.27596
-28.23175,1.83967,-34.27596
-36.82125,0.993039,-27.60774
-36.82125,0.993039,-27.60774
-36.82125,0.993039,-27.60774
-36.71204,1.009214,-27.72127
-36.71204,1.009214,-27.72127
-36.71204,1.009214,-27.72127
-36.70611,0.965557,-27.72506
-36.70611,0.965557,-27.72506
-36.70611,0.965557,-27.72506
-36.76518,0.9221923,-27.73202
-36.76518,0.9221923,-27.73202
-36.76518,0.9221923,-27.73202
-36.83328,0.8662406,-27.81951
-36.83328,0.8662406,-27.81951
-36.83328,0.8662406,-27.81951
-36.84409,0.7728031,-27.78862
-36.84409,0.7728031,-27.78862
-36.84409,0.7728031,-27.78862
-36.66866,0.7408497,-27.77741
-36.66866,0.7408497,-27.77741
-36.66866,0.7408497,-27.77741
-35.92422,0.6512346,-27.96614
-35.92422,0.6512346,-27.96614
-34.48745,0.3064941,-28.3184
-34.48745,0.3064941,-28.3184
-34.48745,0.3064941,-28.3184
-34.48745,0.3064941,-28.3184
-33.15957,0.08578694,-28.76572
-33.15957,0.08578694,-28.76572
-33.15957,0.08578694,-28.76572
-31.69111,0.1147014,-29.33821
-31.69111,0.1147014,-29.33821
-31.69111,0.1147014,-29.33821
-30.06228,0.2354652,-30.08546
-30.06228,0.2354652,-30.08546
-30.06228,0.2354652,-30.08546
-28.38311,0.272867,-31.00146
-28.38311,0.272867,-31.00146
-28.38311,0.272867,-31.00146
-26.68347,0.301158,-31.84535
-26.68347,0.301158,-31.84535
-26.68347,0.301158,-31.84535
-25.00131,-0.04651439,-31.48862
-25.00131,-0.04651439,-31.48862
-25.00131,-0.04651439,-31.48862
-23.70467,-0.1968925,-31.31998
-23.70467,-0.1968925,-31.31998
-23.70467,-0.1968925,-31.31998
-22.45284,-0.3436512,-31.04221
-22.45284,-0.3436512,-31.04221
-22.45284,-0.3436512,-31.04221
-21.29992,-0.5820093,-30.60884
-21.29992,-0.5820093,-30.60884
-21.29992,-0.5820093,-30.60884
-20.31079,-0.9240599,-30.21834
-20.31079,-0.9240599,-30.21834
-20.31079,-0.9240599,-30.21834
-19.20627,-1.408138,-29.72789
-19.20627,-1.408138,-29.72789
-19.20627,-1.408138,-29.72789
-18.44828,-1.736198,-29.25054
-18.44828,-1.736198,-29.25054
-18.44828,-1.736198,-29.25054
-18.03438,-1.897029,-28.83968
-18.03438,-1.897029,-28.83968
-18.03438,-1.897029,-28.83968
-17.85837,-1.821478,-28.11687
-17.85837,-1.821478,-28.11687
-17.85837,-1.821478,-28.11687
-17.82279,-1.497911,-27.21446
-17.82279,-1.497911,-27.21446
-17.92601,-1.332175,-27.70657
-17.92601,-1.332175,-27.70657
-17.92601,-1.332175,-27.70657
-17.92601,-1.332175,-27.70657
-17.72928,-1.235007,-27.23663
-17.72928,-1.235007,-27.23663
-17.72928,-1.235007,-27.23663
-17.86686,-1.0924,-27.71535
-17.86686,-1.0924,-27.71535
-17.86686,-1.0924,-27.71535
-17.82553,-1.072662,-27.6942
-17.82553,-1.072662,-27.6942
-17.82553,-1.072662,-27.6942
-17.97141,-1.029557,-27.89354
-17.97141,-1.029557,-27.89354
-17.97141,-1.029557,-27.89354
-18.26456,-1.189218,-28.18142
-18.26456,-1.189218,-28.18142
-18.26456,-1.189218,-28.18142
-18.87436,-1.1903,-28.92433
-18.87436,-1.1903,-28.92433
-18.87436,-1.1903,-28.92433
-20.10744,-1.130482,-29.59726
-20.10744,-1.130482,-29.59726
-20.10744,-1.130482,-29.59726
-21.44864,-1.284276,-28.79833
-21.44864,-1.284276,-28.79833
-21.44864,-1.284276,-28.79833
-23.24048,-1.249218,-29.03578
-23.24048,-1.249218,-29.03578
-23.24048,-1.249218,-29.03578
-23.24048,-1.249218,-29.03578
-25.15026,-1.22882,-29.44535
-25.15026,-1.22882,-29.44535
-25.15026,-1.22882,-29.44535
-25.15026,-1.22882,-29.44535
-25.15026,-1.22882,-29.44535
-25.15026,-1.22882,-29.44535
-25.15026,-1.22882,-29.44535
-25.15026,-1.22882,-29.44535
-25.15026,-1.22882,-29.44535
-25.15026,-1.22882,-29.44535
-25.15026,-1.22882,-29.44535
-25.15026,-1.22882,-29.44535
-25.15026,-1.22882,-29.44535
-25.15026,-1.22882,-29.44535
-25.15026,-1.22882,-29.44535
-25.15026,-1.22882,-29.44535
-25.15026,-1.22882,-29.44535
-25.15026,-1.22882,-29.44535
-25.15026,-1.22882,-29.44535
-25.15026,-1.22882,-29.44535
-25.15026,-1.22882,-29.44535
-25.15026,-1.22882,-29.44535
-25.15026,-1.22882,-29.44535
-25.15026,-1.22882,-29.44535
-25.15026,-1.22882,-29.44535
-25.15026,-1.22882,-29.44535
-25.15026,-1.22882,-29.44535
-25.15026,-1.22882,-29.44535
-33.59881,0.3378443,-27.48929
-33.59881,0.3378443,-27.48929
-33.59881,0.3378443,-27.48929
-33.59881,0.3378443,-27.48929
-33.5419,0.4037917,-27.42329
-33.5419,0.4037917,-27.42329
-33.5419,0.4037917,-27.42329
-33.45436,0.49964,-27.4611
-33.45436,0.49964,-27.4611
-33.45436,0.49964,-27.4611
-33.28548,0.5789638,-27.61706
-33.28548,0.5789638,-27.61706
-33.28548,0.5789638,-27.61706
-32.97813,0.7149139,-27.583
-32.97813,0.7149139,-27.583
-32.97813,0.7149139,-27.583
-32.59,0.8342508,-27.7394
-32.59,0.8342508,-27.7394
-32.59,0.8342508,-27.7394
-31.97286,0.9566108,-28.35854
-31.97286,0.9566108,-28.35854
-31.97286,0.9566108,-28.35854
-31.25736,1.026234,-28.46285
-31.25736,1.026234,-28.46285
-30.38377,1.273995,-28.71445
-30.38377,1.273995,-28.71445
-30.38377,1.273995,-28.71445
-30.38377,1.273995,-28.71445
-28.93244,1.728999,-29.63876
-28.93244,1.728999,-29.63876
-28.93244,1.728999,-29.63876
-27.48296,1.958497,-29.74687
-27.48296,1.958497,-29.74687
-27.48296,1.958497,-29.74687
-26.02584,2.1773,-30.38274
-26.02584,2.1773,-30.38274
-26.02584,2.1773,-30.38274
-24.567,2.176868,-30.99294
-24.567,2.176868,-30.99294
-24.567,2.176868,-30.99294
-23.21893,2.023392,-30.68631
-23.21893,2.023392,-30.68631
-23.21893,2.023392,-30.68631
-21.68042,1.7358,-30.17442
-21.68042,1.7358,-30.17442
-21.68042,1.7358,-30.17442
-21.68042,1.7358,-30.17442
-20.11421,1.408354,-29.99358
-20.11421,1.408354,-29.99358
-18.951,1.346224,-29.78397
-18.951,1.346224,-29.78397
-18.951,1.346224,-29.78397
-18.13387,1.264681,-29.19211
-18.13387,1.264681,-29.19211
-18.13387,1.264681,-29.19211
-17.54679,1.08141,-28.60546
-17.54679,1.08141,-28.60546
-17.54679,1.08141,-28.60546
-17.2214,0.8003469,-28.04712
-17.2214,0.8003469,-28.04712
-17.2214,0.8003469,-28.04712
-17.2214,0.8003469,-28.04712
-17.20943,0.6732018,-27.8135
-17.20943,0.6732018,-27.8135
-17.21009,0.5413094,-27.67798
-17.21009,0.5413094,-27.67798
-17.21009,0.5413094,-27.67798
-17.20411,0.4998841,-27.48714
-17.20411,0.4998841,-27.48714
-17.20411,0.4998841,-27.48714
-17.20633,0.6473914,-27.43028
-17.20633,0.6473914,-27.43028
-17.20633,0.6473914,-27.43028
-17.15929,0.7107314,-27.42699
-17.15929,0.7107314,-27.42699
-17.15929,0.7107314,-27.42699
-17.15347,0.671752,-27.5839
-17.15347,0.671752,-27.5839
-17.15347,0.671752,-27.5839
-17.45616,0.662753,-27.87074
-17.45616,0.662753,-27.87074
-17.45616,0.662753,-27.87074
-18.60872,0.7538347,-28.34376
-18.60872,0.7538347,-28.34376
-18.60872,0.7538347,-28.34376
-18.60872,0.7538347,-28.34376
-20.20248,0.8836559,-28.53397
-20.20248,0.8836559,-28.53397
-22.04774,1.130308,-28.43703
-22.04774,1.130308,-28.43703
-22.04774,1.130308,-28.43703
-24.06555,1.171492,-28.54654
-24.06555,1.171492,-28.54654
-24.06555,1.171492,-28.54654
-24.06555,1.171492,-28.54654
-26.35706,1.239096,-29.13646
-26.35706,1.239096,-29.13646
-26.35706,1.239096,-29.13646
-28.39514,1.263503,-30.13256
-28.39514,1.263503,-30.13256
-30.29715,1.298824,-30.32544
-30.29715,1.298824,-30.32544
-30.29715,1.298824,-30.32544
-31.8326,1.523741,-29.81096
-31.8326,1.523741,-29.81096
-31.8326,1.523741,-29.81096
-32.92115,1.592437,-29.3745
-32.92115,1.592437,-29.3745
-32.92115,1.592437,-29.3745
-33.43668,1.592963,-29.044
-33.43668,1.592963,-29.044
-33.43668,1.592963,-29.044
-33.84927,1.59923,-28.4565
-33.84927,1.59923,-28.4565
-33.84927,1.59923,-28.4565
-34.00031,1.643068,-27.86509
-34.00031,1.643068,-27.86509
-34.00031,1.643068,-27.86509
-33.9346,1.575918,-27.83668
-33.9346,1.575918,-27.83668
-33.9346,1.575918,-27.83668
-33.91431,1.518264,-27.80242
-33.91431,1.518264,-27.80242
-33.91431,1.518264,-27.80242
-33.86421,1.603093,-27.69513
-33.86421,1.603093,-27.69513
-33.86421,1.603093,-27.69513
-33.84564,1.72012,-27.75918
-33.84564,1.72012,-27.75918
-33.84564,1.72012,-27.75918
-33.84564,1.72012,-27.75918
-33.9714,1.879814,-27.86222
-33.9714,1.879814,-27.86222
-33.9714,1.879814,-27.86222
-34.11709,1.79181,-27.91236
-34.11709,1.79181,-27.91236
-34.05891,1.712296,-27.98987
-34.05891,1.712296,-27.98987
-34.05891,1.712296,-27.98987
-33.48312,1.67104,-28.18809
-33.48312,1.67104,-28.18809
-33.48312,1.67104,-28.18809
-32.46019,1.58337,-28.74113
-32.46019,1.58337,-28.74113
-32.46019,1.58337,-28.74113
-31.32084,1.496445,-29.21425
-31.32084,1.496445,-29.21425
-31.32084,1.496445,-29.21425
-29.90952,1.466427,-29.65207
-29.90952,1.466427,-29.65207
-29.90952,1.466427,-29.65207
-28.39985,1.335597,-30.44142
-28.39985,1.335597,-30.44142
-28.39985,1.335597,-30.44142
-26.64573,1.36496,-31.27656
-26.64573,1.36496,-31.27656
-26.64573,1.36496,-31.27656
-24.88506,1.319283,-31.47649
-24.88506,1.319283,-31.47649
-23.2247,1.161063,-31.60563
-23.2247,1.161063,-31.60563
-23.2247,1.161063,-31.60563
-23.2247,1.161063,-31.60563
-21.58885,0.9986285,-31.58521
-21.58885,0.9986285,-31.58521
-21.58885,0.9986285,-31.58521
-21.58885,0.9986285,-31.58521
-19.32042,0.6272253,-30.3106
-19.32042,0.6272253,-30.3106
-17.71422,0.3150966,-30.22332
-17.71422,0.3150966,-30.22332
-17.71422,0.3150966,-30.22332
-16.36591,0.1081601,-30.13224
-16.36591,0.1081601,-30.13224
-16.36591,0.1081601,-30.13224
-15.29881,-0.2883043,-29.23341
-15.29881,-0.2883043,-29.23341
-15.29881,-0.2883043,-29.23341
-14.86343,-0.543626,-28.81406
-14.86343,-0.543626,-28.81406
-14.86343,-0.543626,-28.81406
-14.5778,-0.6721489,-28.13624
-14.5778,-0.6721489,-28.13624
-14.5778,-0.6721489,-28.13624
-14.24564,-0.6172264,-27.04621
-14.24564,-0.6172264,-27.04621
-14.24564,-0.6172264,-27.04621
-14.3184,-0.7387426,-27.60867
-14.3184,-0.7387426,-27.60867
-14.3184,-0.7387426,-27.60867
-14.17755,-0.8785534,-27.37813
-14.17755,-0.8785534,-27.37813
-14.17755,-0.8785534,-27.37813
-14.17755,-0.8785534,-27.37813
-14.10514,-0.7952054,-27.34078
-14.10514,-0.7952054,-27.34078
-14.04081,-0.7767799,-27.46538
-14.04081,-0.7767799,-27.46538
-14.04081,-0.7767799,-27.46538
-14.31142,-0.7396424,-27.79117
-14.31142,-0.7396424,-27.79117
-14.31142,-0.7396424,-27.79117
-15.43337,-0.7776968,-28.83863
-15.43337,-0.7776968,-28.83863
-15.43337,-0.7776968,-28.83863
-15.43337,-0.7776968,-28.83863
-16.8019,-1.01887,-28.88839
-16.8019,-1.01887,-28.88839
-18.69544,-1.023511,-29.04036
-18.69544,-1.023511,-29.04036
-18.69544,-1.023511,-29.04036
-20.95151,-1.194825,-29.06475
-20.95151,-1.194825,-29.06475
-20.95151,-1.194825,-29.06475
-20.95151,-1.194825,-29.06475
-20.95151,-1.194825,-29.06475
-20.95151,-1.194825,-29.06475
-20.95151,-1.194825,-29.06475
-20.95151,-1.194825,-29.06475
-20.95151,-1.194825,-29.06475
-20.95151,-1.194825,-29.06475
-20.95151,-1.194825,-29.06475
-20.95151,-1.194825,-29.06475
-20.95151,-1.194825,-29.06475
-20.95151,-1.194825,-29.06475
-20.95151,-1.194825,-29.06475
-20.95151,-1.194825,-29.06475
-20.95151,-1.194825,-29.06475
-20.95151,-1.194825,-29.06475
-20.95151,-1.194825,-29.06475
-20.95151,-1.194825,-29.06475
-20.95151,-1.194825,-29.06475
-20.95151,-1.194825,-29.06475
-20.95151,-1.194825,-29.06475
-20.95151,-1.194825,-29.06475
-20.95151,-1.194825,-29.06475
-20.95151,-1.194825,-29.06475
-20.95151,-1.194825,-29.06475
-20.95151,-1.194825,-29.06475
-20.95151,-1.194825,-29.06475
-20.95151,-1.194825,-29.06475
-20.95151,-1.194825,-29.06475
-20.95151,-1.194825,-29.06475
-20.95151,-1.194825,-29.06475
-20.95151,-1.194825,-29.06475
-20.95151,-1.194825,-29.06475
-20.95151,-1.194825,-29.06475
-33.89559,-0.6004474,-27.41527
-33.89559,-0.6004474,-27.41527
-33.89559,-0.6004474,-27.41527
-33.68262,-0.6429493,-27.37623
-33.68262,-0.6429493,-27.37623
-33.68262,-0.6429493,-27.37623
-33.25332,-0.5577719,-27.70512
-33.25332,-0.5577719,-27.70512
-33.25332,-0.5577719,-27.70512
-33.25332,-0.5577719,-27.70512
-32.40623,-0.6100721,-27.75629
-32.40623,-0.6100721,-27.75629
-31.54722,-0.4564031,-28.33878
-31.54722,-0.4564031,-28.33878
-31.54722,-0.4564031,-28.33878
-30.71341,-0.3547468,-28.09104
-30.71341,-0.3547468,-28.09104
-30.71341,-0.3547468,-28.09104
-29.96231,-0.1824284,-28.28212
-29.96231,-0.1824284,-28.28212
-29.96231,-0.1824284,-28.28212
-28.7616,0.07799053,-28.46921
-28.7616,0.07799053,-28.46921
-28.7616,0.07799053,-28.46921
-28.7616,0.07799053,-28.46921
-28.7616,0.07799053,-28.46921
-28.7616,0.07799053,-28.46921
-26.73455,0.4634899,-28.83529
-26.73455,0.4634899,-28.83529
-26.73455,0.4634899,-28.83529
-26.73455,0.4634899,-28.83529
-25.81528,0.579672,-29.13535
-25.81528,0.579672,-29.13535
-24.82269,0.4606503,-29.13769
-24.82269,0.4606503,-29.13769
-24.82269,0.4606503,-29.13769
-23.69937,-0.070243,-28.86257
-23.69937,-0.070243,-28.86257
-23.69937,-0.070243,-28.86257
-23.04439,-0.5915351,-28.44618
-23.04439,-0.5915351,-28.44618
-23.04439,-0.5915351,-28.44618
-22.79305,-1.272032,-28.25634
-22.79305,-1.272032,-28.25634
-22.79305,-1.272032,-28.25634
-22.79305,-1.272032,-28.25634
-22.77178,-1.935079,-28.05707
-22.77178,-1.935079,-28.05707
-22.82826,-2.384896,-27.96645
-22.82826,-2.384896,-27.96645
-22.82826,-2.384896,-27.96645
-22.82826,-2.384896,-27.96645
-22.80684,-2.463163,-27.92713
-22.80684,-2.463163,-27.92713
-22.71436,-2.479534,-27.85067
-22.71436,-2.479534,-27.85067
-22.71436,-2.479534,-27.85067
-22.71436,-2.479534,-27.85067
-22.63742,-2.386014,-27.83707
-22.63742,-2.386014,-27.83707
-22.63455,-2.254541,-27.78025
-22.63455,-2.254541,-27.78025
-22.63455,-2.254541,-27.78025
-22.71403,-1.929396,-27.85635
-22.71403,-1.929396,-27.85635
-22.71403,-1.929396,-27.85635
-22.71403,-1.929396,-27.85635
-22.85863,-1.719912,-27.95994
-22.85863,-1.719912,-27.95994
-22.85863,-1.719912,-27.95994
-23.02882,-1.63924,-28.20811
-23.02882,-1.63924,-28.20811
-23.21828,-1.722325,-28.56269
-23.21828,-1.722325,-28.56269
-23.21828,-1.722325,-28.56269
-23.55362,-1.701124,-29.01189
-23.55362,-1.701124,-29.01189
-23.55362,-1.701124,-29.01189
-24.05572,-1.566557,-29.84868
-24.05572,-1.566557,-29.84868
-24.05572,-1.566557,-29.84868
-24.05572,-1.566557,-29.84868
-24.57934,-1.375107,-30.81415
-24.57934,-1.375107,-30.81415
-25.03642,-1.139998,-32.09335
-25.03642,-1.139998,-32.09335
-25.03642,-1.139998,-32.09335
-25.28255,-1.022152,-33.18353
-25.28255,-1.022152,-33.18353
-25.28255,-1.022152,-33.18353
-25.38388,-0.9332936,-34.09221
-25.38388,-0.9332936,-34.09221
-25.38388,-0.9332936,-34.09221
-25.38388,-0.9332936,-34.09221
-25.42722,-0.8604031,-35.10052
-25.42722,-0.8604031,-35.10052
-25.39047,-0.7471595,-35.97559
-25.39047,-0.7471595,-35.97559
-25.39047,-0.7471595,-35.97559
-25.39047,-0.7471595,-35.97559
-25.36309,-0.6042051,-36.71532
-25.36309,-0.6042051,-36.71532
-25.41814,-0.4885299,-37.31427
-25.41814,-0.4885299,-37.31427
-25.41814,-0.4885299,-37.31427
-25.44128,-0.3015819,-37.62774
-25.44128,-0.3015819,-37.62774
-25.44128,-0.3015819,-37.62774
-25.52031,-0.09904492,-37.9635
-25.52031,-0.09904492,-37.9635
-25.52031,-0.09904492,-37.9635
-25.62774,0.09039819,-38.20712
-25.62774,0.09039819,-38.20712
-25.62774,0.09039819,-38.20712
-25.79923,0.1853716,-38.45765
-25.79923,0.1853716,-38.45765
-25.94442,0.1877167,-38.55643
-25.94442,0.1877167,-38.55643
-26.06407,0.1852677,-38.62495
-26.06407,0.1852677,-38.62495
-26.06407,0.1852677,-38.62495
-26.06407,0.1852677,-38.62495
-26.24478,0.05414045,-38.67726
-26.32283,-0.02176666,-38.68451
-26.32283,-0.02176666,-38.68451
-26.37812,-0.1595955,-38.65191
-26.39409,-0.2652628,-38.56591
-26.39409,-0.2652628,-38.56591
-26.39409,-0.2652628,-38.56591
-26.37802,-0.3640606,-38.42342
-26.37207,-0.4656956,-38.18507
-26.37207,-0.4656956,-38.18507
-26.39649,-0.544242,-37.85238
-26.45243,-0.5910046,-37.44099
-26.45243,-0.5910046,-37.44099
-26.45243,-0.5910046,-37.44099
-26.51769,-0.6225612,-37.00172
-26.57062,-0.6464665,-36.50931
-26.57062,-0.6464665,-36.50931
-26.60496,-0.6347175,-36.0039
-26.60496,-0.6347175,-36.0039
-26.61441,-0.641567,-35.534
-26.5988,-0.6947651,-35.04245
-26.5988,-0.6947651,-35.04245
-26.58428,-0.7036493,-34.57466
-26.58428,-0.7036493,-34.57466
-26.54673,-0.7151713,-34.13525
-26.47285,-0.7495525,-33.70971
-26.36394,-0.7853429,-33.25097
-26.36394,-0.7853429,-33.25097
-26.36394,-0.7853429,-33.25097
-26.36394,-0.7853429,-33.25097
-26.18361,-0.889447,-32.34678
-26.18361,-0.889447,-32.34678
-26.11771,-0.8978257,-31.85936
-26.07736,-0.9031563,-31.49223
-26.07736,-0.9031563,-31.49223
-26.07736,-0.9031563,-31.49223
-26.0023,-0.9206393,-31.08222
-25.90765,-0.9635978,-30.7644
-25.90765,-0.9635978,-30.7644
-25.90765,-0.9635978,-30.7644
-25.78637,-1.009613,-30.39316
-25.65829,-1.028791,-30.09539
-25.65829,-1.028791,-30.09539
-25.5264,-1.090119,-29.83521
-25.40853,-1.160912,-29.52843
-25.40853,-1.160912,-29.52843
-25.31165,-1.192449,-29.17146
-25.2596,-1.244682,-28.87222
-25.2596,-1.244682,-28.87222
-25.2596,-1.244682,-28.87222
-25.22523,-1.336773,-28.54189
-25.22523,-1.336773,-28.54189
-25.07127,-1.48135,-27.87788
-25.07127,-1.48135,-27.87788
-25.07127,-1.48135,-27.87788
-24.995,-1.516699,-27.80867
-24.88787,-1.562871,-27.68152
-24.88787,-1.562871,-27.68152
-24.76966,-1.607455,-27.80196
-24.67633,-1.636004,-27.83412
-24.67633,-1.636004,-27.83412
-24.67633,-1.636004,-27.83412
-24.64004,-1.599014,-27.83621
-24.65548,-1.532017,-27.7696
-24.65548,-1.532017,-27.7696
-24.65548,-1.532017,-27.7696
-24.69975,-1.284274,-27.70779
-24.69975,-1.284274,-27.70779
-24.7784,-1.275113,-28.02337
-24.7784,-1.275113,-28.02337
-24.76359,-1.368894,-28.03411
-24.76359,-1.368894,-28.03411
-24.75969,-1.406221,-28.00466
-24.75969,-1.406221,-28.00466
-24.75235,-1.421248,-27.99197
-24.80829,-1.376118,-28.13774
-24.80829,-1.376118,-28.13774
-24.80829,-1.376118,-28.13774
-24.83482,-1.350004,-28.08405
-24.8681,-1.35511,-28.22335
-24.93764,-1.380637,-28.4313
-24.93764,-1.380637,-28.4313
-24.93764,-1.380637,-28.4313
-25.03383,-1.424868,-28.64844
-25.14428,-1.406805,-28.81444
-25.14428,-1.406805,-28.81444
-25.3195,-1.427061,-29.26554
-25.3195,-1.427061,-29.26554
-25.45438,-1.4837,-29.53303
-25.58297,-1.48218,-29.85838
-25.70354,-1.482736,-30.19517
-25.70354,-1.482736,-30.19517
-25.70354,-1.482736,-30.19517
-25.72717,-1.527131,-30.33746
-25.72717,-1.527131,-30.33746
-25.78882,-1.479081,-30.77134
-25.82162,-1.440048,-31.22462
-25.82162,-1.440048,-31.22462
-25.83586,-1.381579,-31.73325
-25.84451,-1.316445,-32.32554
-25.84451,-1.316445,-32.32554
-25.83185,-1.297902,-32.93891
-25.81278,-1.305243,-33.53679
-25.81278,-1.305243,-33.53679
-25.81278,-1.305243,-33.53679
-25.81278,-1.305243,-33.53679
-25.76366,-1.221167,-34.72675
-25.76366,-1.221167,-34.72675
-25.71102,-1.262855,-35.2641
-25.71102,-1.262855,-35.2641
-25.71102,-1.262855,-35.2641
-25.65257,-1.301042,-35.74119
-25.55784,-1.323489,-36.14082
-25.55784,-1.323489,-36.14082
-25.55784,-1.323489,-36.14082
-25.43729,-1.353646,-36.43883
-25.35282,-1.378223,-36.58603
-25.35282,-1.378223,-36.58603
-25.35282,-1.378223,-36.58603
-25.29669,-1.359925,-36.58791
-25.23629,-1.326067,-36.47039
-25.23629,-1.326067,-36.47039
-25.23629,-1.326067,-36.47039
-25.08711,-1.348685,-36.15921
-24.79468,-1.391723,-35.7333
-24.79468,-1.391723,-35.7333
-24.79468,-1.391723,-35.7333
-24.36542,-1.540919,-35.22623
-24.36542,-1.540919,-35.22623
-23.81603,-1.726415,-34.56146
-23.81603,-1.726415,-34.56146
-23.34897,-1.749359,-34.01941
-22.97466,-1.774,-33.53259
-22.97466,-1.774,-33.53259
-22.97466,-1.774,-33.53259
-22.65649,-1.797257,-32.99518
-22.50729,-1.763972,-32.41301
-22.50729,-1.763972,-32.41301
-22.50729,-1.763972,-32.41301
-22.44222,-1.656311,-31.71918
-22.40506,-1.56967,-30.97336
-22.40506,-1.56967,-30.97336
-22.40506,-1.56967,-30.97336
-22.35058,-1.514658,-30.33206
-22.19797,-1.46709,-29.74806
-22.19797,-1.46709,-29.74806
-22.02029,-1.457181,-29.30043
-22.02029,-1.457181,-29.30043
-21.86304,-1.472747,-28.97249
-21.86304,-1.472747,-28.97249
-21.86304,-1.472747,-28.97249
-21.72476,-1.487058,-28.66649
-21.61526,-1.522564,-28.44223
-21.61526,-1.522564,-28.44223
-21.61526,-1.522564,-28.44223
-21.54644,-1.533864,-28.31565
-21.437,-1.56531,-28.08769
-21.437,-1.56531,-28.08769
-21.437,-1.56531,-28.08769
-21.34971,-1.576994,-27.82685
-21.28907,-1.492887,-27.65223
-21.28907,-1.492887,-27.65223
-21.28907,-1.492887,-27.65223
-21.23058,-1.354988,-27.64199
-21.15943,-1.236328,-27.61164
-21.15943,-1.236328,-27.61164
-21.15943,-1.236328,-27.61164
-21.10272,-1.124336,-27.57035
-21.03631,-1.055169,-27.55582
-21.03631,-1.055169,-27.55582
-21.03631,-1.055169,-27.55582
-20.92494,-1.095741,-27.54107
-20.83874,-1.156793,-27.59716
-20.83874,-1.156793,-27.59716
-20.83874,-1.156793,-27.59716
-20.78713,-1.180004,-27.58601
-20.77908,-1.185597,-27.57187
-20.77908,-1.185597,-27.57187
-20.77908,-1.185597,-27.57187
-20.79297,-1.190637,-27.54156
-20.82842,-1.1786,-27.51505
-20.82842,-1.1786,-27.51505
-20.82842,-1.1786,-27.51505
-20.87713,-1.151313,-27.49893
-20.90697,-1.118469,-27.43394
-20.90697,-1.118469,-27.43394
-20.90697,-1.118469,-27.43394
-20.92845,-1.088272,-27.40536
-20.94339,-1.066565,-27.4207
-20.94339,-1.066565,-27.4207
-20.9459,-1.073178,-27.43811
-20.9459,-1.073178,-27.43811
-20.95265,-1.088922,-27.46052
-20.95265,-1.088922,-27.46052
-20.95265,-1.088922,-27.46052
-20.9503,-1.086948,-27.44069
-20.95121,-1.07439,-27.44626
-20.95121,-1.07439,-27.44626
-20.95121,-1.07439,-27.44626
-20.9487,-1.080901,-27.44431
-20.95465,-1.091498,-27.46164
-20.95465,-1.091498,-27.46164
-20.95465,-1.091498,-27.46164
-20.96322,-1.099629,-27.46763
-20.96883,-1.107767,-27.4693
-20.96883,-1.107767,-27.4693
-20.96883,-1.107767,-27.4693
-20.97459,-1.112127,-27.45842
-20.99492,-1.103082,-27.48485
-20.99492,-1.103082,-27.48485
-20.99492,-1.103082,-27.48485
-20.99939,-1.107889,-27.46605
-20.99939,-1.107889,-27.46605
-20.99939,-1.107889,-27.46605
-20.99459,-1.106254,-27.41247
-20.99459,-1.106254,-27.41247
-20.99459,-1.106254,-27.41247
-21.00138,-1.097911,-27.40454
-21.00138,-1.097911,-27.40454
-21.00206,-1.079428,-27.39931
-21.00206,-1.079428,-27.39931
-21.00206,-1.079428,-27.39931
-21.00388,-1.067032,-27.41224
-21.01273,-1.059452,-27.43069
-21.01273,-1.059452,-27.43069
-21.01273,-1.059452,-27.43069
-21.014,-1.049826,-27.41948
-21.014,-1.049826,-27.41948
-21.0231,-1.039947,-27.45688
-21.0231,-1.039947,-27.45688
-21.0231,-1.039947,-27.45688
-21.00533,-1.019457,-27.40354
-21.00533,-1.019457,-27.40354
-21.00533,-1.019457,-27.40354
-21.00496,-1.001482,-27.39664
-21.00496,-1.001482,-27.39664
-21.01146,-0.9822681,-27.42222
-21.01146,-0.9822681,-27.42222
-21.01146,-0.9822681,-27.42222
-21.01273,-0.9730086,-27.42736
-21.01273,-0.9730086,-27.42736
-21.00754,-0.9546092,-27.40272
-21.00754,-0.9546092,-27.40272
-21.00754,-0.9546092,-27.40272
-21.01663,-0.9420402,-27.43843
-21.01663,-0.9420402,-27.43843
-21.0035,-0.9326675,-27.36856
-21.0035,-0.9326675,-27.36856
-21.00075,-0.9324372,-27.35652
-21.00075,-0.9324372,-27.35652
-21.00075,-0.9324372,-27.35652
-21.00397,-0.9276898,-27.36735
-21.00397,-0.9276898,-27.36735
-21.00397,-0.9276898,-27.36735
-21.0019,-0.9256222,-27.37523
-21.0019,-0.9256222,-27.37523
-21.0019,-0.9256222,-27.37523
-20.98812,-0.9314039,-27.34194
-20.98812,-0.9314039,-27.34194
-20.98468,-0.9351201,-27.34103
-20.98468,-0.9351201,-27.34103
-20.9684,-0.9414508,-27.27823
-20.9684,-0.9414508,-27.27823
-20.96926,-0.9487863,-27.29821
-20.96926,-0.9487863,-27.29821
-20.96926,-0.9487863,-27.29821
-20.95589,-0.9452817,-27.29087
-20.95589,-0.9452817,-27.29087
-20.95589,-0.9452817,-27.29087
-20.94539,-0.9248493,-27.3039
-20.94539,-0.9248493,-27.3039
-20.94449,-0.8989108,-27.29818
-20.94449,-0.8989108,-27.29818
-20.94449,-0.8989108,-27.29818
-20.95608,-0.8968451,-27.3296
-20.95608,-0.8968451,-27.3296
-20.96389,-0.8972204,-27.32145
-20.96389,-0.8972204,-27.32145
-20.96389,-0.8972204,-27.32145
-20.96751,-0.8671587,-27.28938
-20.96751,-0.8671587,-27.28938
-20.94691,-0.8575075,-27.19966
-20.94691,-0.8575075,-27.19966
-20.94691,-0.8575075,-27.19966
-20.97713,-0.8729844,-27.28555
-20.97713,-0.8729844,-27.28555
-20.99742,-0.8858676,-27.29757
-20.99742,-0.8858676,-27.29757
-20.99742,-0.8858676,-27.29757
-20.99823,-0.9052045,-27.28724
-20.99823,-0.9052045,-27.28724
-20.99823,-0.9052045,-27.28724
-20.99076,-0.9104261,-27.29966
-20.99076,-0.9104261,-27.29966
-20.9771,-0.9125383,-27.30261
-20.9771,-0.9125383,-27.30261
-20.96484,-0.9183578,-27.28745
-20.96484,-0.9183578,-27.28745
-20.96484,-0.9183578,-27.28745
-20.96107,-0.9179094,-27.2933
-20.96107,-0.9179094,-27.2933
-20.96292,-0.9087861,-27.30529
-20.96292,-0.9087861,-27.30529
-20.96292,-0.9087861,-27.30529
-20.96954,-0.9006283,-27.35685
-20.96954,-0.9006283,-27.35685
-20.95632,-0.9041402,-27.33324
-20.95632,-0.9041402,-27.33324
-20.94513,-0.8967576,-27.31649
-20.94513,-0.8967576,-27.31649
-20.94513,-0.8967576,-27.31649
-20.94513,-0.8967576,-27.31649
-20.95255,-0.8709428,-27.34487
-20.95255,-0.8709428,-27.34487
-20.95788,-0.8486392,-27.33168
-20.95788,-0.8486392,-27.33168
-20.95475,-0.8333104,-27.29713
-20.95475,-0.8333104,-27.29713
-20.95475,-0.8333104,-27.29713
-20.96108,-0.8088839,-27.29995
-20.96108,-0.8088839,-27.29995
-20.96081,-0.7931015,-27.30279
-20.96081,-0.7931015,-27.30279
-20.95501,-0.7696216,-27.30433
-20.95501,-0.7696216,-27.30433
-20.95501,-0.7696216,-27.30433
-20.936,-0.7471623,-27.24121
-20.936,-0.7471623,-27.24121
-20.936,-0.7471623,-27.24121
-20.93178,-0.7468393,-27.21858
-20.93178,-0.7468393,-27.21858
-20.93214,-0.7474046,-27.21346
-20.93214,-0.7474046,-27.21346
-20.93214,-0.7474046,-27.21346
-20.94253,-0.7358563,-27.25401
-20.94253,-0.7358563,-27.25401
-20.94253,-0.7358563,-27.25401
-20.94514,-0.7197857,-27.25655
-20.94514,-0.7197857,-27.25655
-20.94745,-0.7074301,-27.25589
-20.94745,-0.7074301,-27.25589
-20.96026,-0.6971741,-27.27327
-20.96026,-0.6971741,-27.27327
-20.96026,-0.6971741,-27.27327
-20.97299,-0.6989322,-27.29298
-20.97299,-0.6989322,-27.29298
-20.97621,-0.7030628,-27.30281
-20.97621,-0.7030628,-27.30281
-20.97659,-0.6993282,-27.30839
-20.97659,-0.6993282,-27.30839
-20.97659,-0.6993282,-27.30839
